model forecast and observations from station:mtic1
station latitude:34.4614
station longitude:-119.649
model latitude:34.4572
model longitude:-119.6543
model, , , , , , , , , ,obs, , , , , , , , ,
year,month,day,hour,min,sec,model temperature,model rel hum,model wind speed,model wind direction,year,month,day,hour,min,sec,obs temperature,obs rel hum,obs wind speed,obs wind direction
yyyy,mm,dd,hh,mm,ss,deg C,%,m/s,deg N,yyyy,mm,dd,hh,mm,ss,deg C,%,m/s,deg N
2022,9,25,0,0,0,25.448,52.523,2.0272,234.95,2022,9,25,0,0,0,NaN,NaN,NaN,NaN
2022,9,25,1,0,0,24.473,62.477,1.6228,240.96,2022,9,25,0,47,0,25.556,50,1.343,226
2022,9,25,2,0,0,22.076,74.758,0.87697,271.92,2022,9,25,1,47,0,23.889,48,1.343,222
2022,9,25,3,0,0,22.084,68.825,0.45729,249.34,2022,9,25,2,47,0,23.333,48,0.448,231
2022,9,25,4,0,0,21.056,76.78,0.27599,92.979,2022,9,25,3,47,0,22.222,44,0.448,224
2022,9,25,5,0,0,20.682,78.253,0.74037,108.34,2022,9,25,4,47,0,23.333,42,0.448,189
2022,9,25,6,0,0,20.378,79.159,0.70095,103.63,2022,9,25,5,47,0,23.333,42,0,NaN
2022,9,25,7,0,0,20.188,78.54,0.72942,100.31,2022,9,25,6,47,0,22.222,43,0.895,264
2022,9,25,8,0,0,20.233,75.526,0.77526,95.391,2022,9,25,7,47,0,23.889,38,0,NaN
2022,9,25,9,0,0,20.126,74.719,0.92006,95.4,2022,9,25,8,47,0,22.778,43,0,NaN
2022,9,25,10,0,0,20.61,70.563,1.062,96.971,2022,9,25,9,47,0,22.778,42,0,NaN
2022,9,25,11,0,0,20.575,69.097,0.8974,91.084,2022,9,25,10,47,0,22.778,44,0,NaN
2022,9,25,12,0,0,21.531,62.451,0.21929,300.93,2022,9,25,11,47,0,23.333,42,0.448,330
2022,9,25,13,0,0,21.323,62.284,2.0104,276.5,2022,9,25,12,47,0,23.889,38,0.448,162
2022,9,25,14,0,0,22.291,58.047,1.5546,280.07,2022,9,25,13,47,0,23.889,39,1.343,347
2022,9,25,15,0,0,23.804,54.878,0.85442,269.16,2022,9,25,14,47,0,25,38,0.448,305
2022,9,25,16,0,0,24.181,57.52,0.80762,230.29,2022,9,25,15,47,0,26.667,34,0,NaN
2022,9,25,17,0,0,25.133,57.742,1.0398,202.2,2022,9,25,16,47,0,26.111,51,0.448,357
2022,9,25,18,0,0,26.135,57.636,1.2865,200.36,2022,9,25,17,47,0,26.111,55,1.343,165
2022,9,25,19,0,0,27.551,52.289,1.6417,212.33,2022,9,25,18,47,0,26.111,56,1.79,175
2022,9,25,20,0,0,28.437,48.365,2.0249,220.02,2022,9,25,19,47,0,26.111,54,2.233,189
2022,9,25,21,0,0,28.648,49.796,2.1488,220.56,2022,9,25,20,47,0,27.778,48,1.79,195
2022,9,25,22,0,0,28.61,49.262,2.0886,224.79,2022,9,25,21,47,0,27.222,47,2.233,194
2022,9,25,23,0,0,27.662,50.202,1.8807,222.7,2022,9,25,22,47,0,27.222,49,1.79,197
2022,9,26,0,0,0,25.975,58.282,1.1643,221.87,2022,9,25,23,47,0,26.667,48,1.79,200
2022,9,26,1,0,0,26.088,57.332,0.37444,269.97,2022,9,26,0,47,0,26.667,44,1.343,247
2022,9,26,2,0,0,26.929,45.7,1.3145,290.78,2022,9,26,1,47,0,26.111,44,0.895,309
2022,9,26,3,0,0,28.03,41.037,1.2476,309.21,2022,9,26,2,47,0,23.889,50,0,NaN
2022,9,26,4,0,0,28.518,39.942,1.3846,316.27,2022,9,26,3,47,0,25,43,0,NaN
2022,9,26,5,0,0,27.64,39.949,2.2455,333.99,2022,9,26,4,47,0,24.444,46,0,NaN
2022,9,26,6,0,0,27.174,40.471,2.416,14.656,2022,9,26,5,47,0,25,41,0,NaN
2022,9,26,7,0,0,26.966,40.302,2.7369,14.857,2022,9,26,6,47,0,25,41,0,NaN
2022,9,26,8,0,0,27.18,39.015,2.8699,17.492,2022,9,26,7,47,0,25,40,0,NaN
2022,9,26,9,0,0,27.221,38.615,2.6303,21.139,2022,9,26,8,47,0,25,40,0,NaN
2022,9,26,10,0,0,26.92,38.791,2.3918,31.34,2022,9,26,9,47,0,25.556,37,1.79,89
2022,9,26,11,0,0,26.776,38.969,2.1858,38.837,2022,9,26,10,47,0,26.111,34,0.448,53
2022,9,26,12,0,0,26.905,40.699,1.5479,52.218,2022,9,26,11,47,0,26.667,31,0.895,57
2022,9,26,13,0,0,25.005,47.398,0.29574,58.406,2022,9,26,12,47,0,25.556,34,0.448,182
2022,9,26,14,0,0,25.142,46.076,0.44528,327.48,2022,9,26,13,47,0,25,36,0.448,217
2022,9,26,15,0,0,26.573,43.369,0.22529,109.57,2022,9,26,14,47,0,26.111,36,0.448,352
2022,9,26,16,0,0,27.231,46.078,0.45887,249.68,2022,9,26,15,47,0,28.333,32,0,NaN
2022,9,26,17,0,0,27.653,50.034,0.60575,165.53,2022,9,26,16,47,0,28.889,31,0.448,171
2022,9,26,18,0,0,28.363,50.15,1.0339,185.29,2022,9,26,17,47,0,28.333,33,1.79,183
2022,9,26,19,0,0,29.639,47.91,1.424,195.62,2022,9,26,18,47,0,28.889,47,0.895,173
2022,9,26,20,0,0,30.046,47.978,1.7505,211.34,2022,9,26,19,47,0,28.333,47,1.343,176
2022,9,26,21,0,0,30.026,49.621,1.9666,220.91,2022,9,26,20,47,0,29.444,43,1.343,179
2022,9,26,22,0,0,30.032,45.902,1.9577,221.42,2022,9,26,21,47,0,29.444,44,1.79,182
2022,9,26,23,0,0,29.247,46.118,1.6574,219.81,2022,9,26,22,47,0,28.889,45,1.79,209
2022,9,27,0,0,0,27.956,52.109,0.86597,214.34,2022,9,26,23,47,0,28.889,43,1.79,225
2022,9,27,1,0,0,28.966,44.249,0.97447,295.54,2022,9,27,0,47,0,27.778,47,0.448,195
2022,9,27,2,0,0,29.392,33.683,1.578,302.84,2022,9,27,1,47,0,27.222,48,0.448,12
2022,9,27,3,0,0,30.351,29.411,1.8004,314.3,2022,9,27,2,47,0,26.111,48,0.895,47
2022,9,27,4,0,0,30.201,31.475,2.0841,349.54,2022,9,27,3,47,0,29.444,34,0.448,149
2022,9,27,5,0,0,30.826,29.599,1.9387,355.09,2022,9,27,4,47,0,30,31,1.343,150
2022,9,27,6,0,0,29.445,29.309,2.8496,11.768,2022,9,27,5,47,0,29.444,31,1.343,241
2022,9,27,7,0,0,29.095,28.306,2.2135,9.4838,2022,9,27,6,47,0,26.667,41,1.79,165
2022,9,27,8,0,0,29.352,26.296,3.2796,12.795,2022,9,27,7,47,0,28.333,35,2.68,118
2022,9,27,9,0,0,29.214,26.523,3.4365,14.431,2022,9,27,8,47,0,26.667,39,1.79,103
2022,9,27,10,0,0,28.632,27.742,3.359,18.639,2022,9,27,9,47,0,26.667,38,0.448,10
2022,9,27,11,0,0,27.854,30.062,2.8001,35.677,2022,9,27,10,47,0,28.333,32,0.448,313
2022,9,27,12,0,0,27.989,31.221,1.3094,56.241,2022,9,27,11,47,0,27.222,35,0.448,330
2022,9,27,13,0,0,26.48,35.621,0.49649,39.309,2022,9,27,12,47,0,27.222,34,0.895,230
2022,9,27,14,0,0,26.289,36.411,0.52708,32.284,2022,9,27,13,47,0,27.778,31,0,NaN
2022,9,27,15,0,0,28.654,30.539,0.65187,75.897,2022,9,27,14,47,0,27.222,36,0.448,179
2022,9,27,16,0,0,29.019,35.054,0.81474,95.347,2022,9,27,15,47,0,27.222,38,0.448,52
2022,9,27,17,0,0,29.309,40.265,1.0134,139.38,2022,9,27,16,47,0,28.333,40,0.895,358
2022,9,27,18,0,0,29.826,42.1,1.1116,161.24,2022,9,27,17,47,0,28.889,44,1.343,185
2022,9,27,19,0,0,30.377,42.469,1.3138,186.76,2022,9,27,18,47,0,29.444,42,1.79,187
2022,9,27,20,0,0,30.46,45.761,1.4418,198.86,2022,9,27,19,47,0,30,43,2.233,190
2022,9,27,21,0,0,30.072,48.025,1.5695,202.51,2022,9,27,20,47,0,31.667,41,2.233,198
2022,9,27,22,0,0,29.75,50.155,1.4603,203.18,2022,9,27,21,47,0,32.222,41,1.343,208
2022,9,27,23,0,0,29.377,49.186,1.208,216.04,2022,9,27,22,47,0,32.222,40,0.448,204
2022,9,28,0,0,0,27.997,54.306,0.90153,218.05,2022,9,27,23,47,0,30.556,40,0.448,308
2022,9,28,1,0,0,29.4,41.621,1.2364,309.41,0,0,0,0,0,0,NaN,NaN,NaN,NaN
2022,9,28,2,0,0,28.24,37.818,1.1066,296.54,0,0,0,0,0,0,NaN,NaN,NaN,NaN
2022,9,28,3,0,0,29.367,30.181,1.9691,324.19,0,0,0,0,0,0,NaN,NaN,NaN,NaN
2022,9,28,4,0,0,29.542,31.71,2.2861,358.75,0,0,0,0,0,0,NaN,NaN,NaN,NaN
2022,9,28,5,0,0,29.424,27.878,2.7057,357.09,0,0,0,0,0,0,NaN,NaN,NaN,NaN
2022,9,28,6,0,0,29.129,25.533,2.2829,13.513,0,0,0,0,0,0,NaN,NaN,NaN,NaN
2022,9,28,7,0,0,30.324,22.705,4.1258,19.093,0,0,0,0,0,0,NaN,NaN,NaN,NaN
2022,9,28,8,0,0,30.621,22.121,5.471,24.748,0,0,0,0,0,0,NaN,NaN,NaN,NaN
2022,9,28,9,0,0,29.647,23.265,5.2518,29.229,0,0,0,0,0,0,NaN,NaN,NaN,NaN
2022,9,28,10,0,0,26.554,31.401,2.3126,40.384,0,0,0,0,0,0,NaN,NaN,NaN,NaN
2022,9,28,11,0,0,26.005,36,1.9121,55.549,0,0,0,0,0,0,NaN,NaN,NaN,NaN
2022,9,28,12,0,0,25.161,39.516,1.2979,70.299,0,0,0,0,0,0,NaN,NaN,NaN,NaN
