model forecast and observations from station:mtic1
station latitude:34.4614
station longitude:-119.649
model latitude:34.4572
model longitude:-119.6543
model, , , , , , , , , ,obs, , , , , , , , ,
year,month,day,hour,min,sec,model temperature,model rel hum,model wind speed,model wind direction,year,month,day,hour,min,sec,obs temperature,obs rel hum,obs wind speed,obs wind direction
yyyy,mm,dd,hh,mm,ss,deg C,%,m/s,deg N,yyyy,mm,dd,hh,mm,ss,deg C,%,m/s,deg N
2022,11,19,0,0,0,16.131,50.801,0.59759,280.33,2022,11,19,0,0,0,NaN,NaN,NaN,NaN
2022,11,19,1,0,0,14.035,48.341,0.98816,98.583,2022,11,19,0,47,0,17.222,36,0.448,307
2022,11,19,2,0,0,15.525,36.707,2.0269,78.046,2022,11,19,1,47,0,15,34,0.895,354
2022,11,19,3,0,0,15.83,26.009,2.5636,48.968,2022,11,19,2,47,0,16.667,23,1.343,110
2022,11,19,4,0,0,15.13,25.02,2.8228,29.761,2022,11,19,3,47,0,16.111,25,1.343,188
2022,11,19,5,0,0,14.409,37.057,0.36533,28.013,2022,11,19,4,47,0,16.667,21,0.448,153
2022,11,19,6,0,0,14.337,32.728,0.51138,34.337,2022,11,19,5,47,0,16.111,17,3.128,21
2022,11,19,7,0,0,15.487,21.332,1.0067,16.671,2022,11,19,6,47,0,15.556,25,0.895,195
2022,11,19,8,0,0,15.582,18.876,1.2889,6.2256,2022,11,19,7,47,0,16.111,15,4.023,18
2022,11,19,9,0,0,15.489,19.168,1.7947,356.52,2022,11,19,8,47,0,16.111,15,2.68,22
2022,11,19,10,0,0,15.076,20.522,1.907,343.95,2022,11,19,9,47,0,15.556,16,4.023,3
2022,11,19,11,0,0,13.745,19.593,2.9162,359.98,2022,11,19,10,47,0,15,16,6.703,2
2022,11,19,12,0,0,15.183,20.284,1.9246,10.208,2022,11,19,11,47,0,15,15,4.471,4
2022,11,19,13,0,0,14.291,21.988,2.1798,15.79,2022,11,19,12,47,0,15,16,7.598,352
2022,11,19,14,0,0,14.036,21.883,2.2778,8.2663,2022,11,19,13,47,0,14.444,16,6.261,359
2022,11,19,15,0,0,13.476,21.366,2.7259,17.134,2022,11,19,14,47,0,14.444,16,7.598,354
2022,11,19,16,0,0,16.296,20.915,1.1639,35.333,2022,11,19,15,47,0,16.111,16,0.895,218
2022,11,19,17,0,0,16.322,32.261,0.61624,176.78,2022,11,19,16,47,0,17.222,19,1.343,178
2022,11,19,18,0,0,16.189,40.072,1.5055,200.07,2022,11,19,17,47,0,18.889,25,1.343,193
2022,11,19,19,0,0,16.539,37.496,1.8913,223.54,2022,11,19,18,47,0,18.333,22,2.68,200
2022,11,19,20,0,0,17.915,28.475,1.9654,232.49,2022,11,19,19,47,0,20.556,20,2.68,201
2022,11,19,21,0,0,18.284,30.321,2.5756,254.63,2022,11,19,20,47,0,21.111,19,4.918,200
2022,11,19,22,0,0,18.519,22.947,2.5291,259.91,2022,11,19,21,47,0,21.667,18,4.918,198
2022,11,19,23,0,0,18.009,26.184,2.3325,266.04,2022,11,19,22,47,0,21.111,17,4.471,210
2022,11,20,0,0,0,16.499,34.247,1.9691,282.54,2022,11,19,23,47,0,21.111,17,3.128,195
2022,11,20,1,0,0,14.588,23.448,2.3189,318.03,2022,11,20,0,47,0,16.667,21,1.343,102
2022,11,20,2,0,0,15.265,18.797,1.1877,346.37,2022,11,20,1,47,0,15.556,22,0.448,289
2022,11,20,3,0,0,14.705,20.551,1.8221,32.551,2022,11,20,2,47,0,15.556,21,1.79,356
2022,11,20,4,0,0,14.607,19.924,1.7371,13.289,2022,11,20,3,47,0,15,20,1.79,351
2022,11,20,5,0,0,14.329,17.162,1.2553,1.1278,2022,11,20,4,47,0,15,19,0,NaN
2022,11,20,6,0,0,14.497,13.747,1.7529,62.406,2022,11,20,5,47,0,14.444,19,2.233,12
2022,11,20,7,0,0,14.464,13.113,1.8677,66.969,2022,11,20,6,47,0,14.444,17,2.233,331
2022,11,20,8,0,0,14.391,11.269,1.4224,47.726,2022,11,20,7,47,0,14.444,12,2.68,4
2022,11,20,9,0,0,14.697,9.8552,1.6251,39.372,2022,11,20,8,47,0,15.556,8,3.128,21
2022,11,20,10,0,0,14.376,9.5766,1.3666,68.975,2022,11,20,9,47,0,15.556,8,2.233,25
2022,11,20,11,0,0,14.343,10.201,2.1582,63.729,2022,11,20,10,47,0,15,9,0.448,214
2022,11,20,12,0,0,14.12,10.019,2.3041,64.916,2022,11,20,11,47,0,15,8,1.343,359
2022,11,20,13,0,0,14.92,9.5622,1.9958,63.74,2022,11,20,12,47,0,15,8,0,NaN
2022,11,20,14,0,0,14.731,10.012,1.7518,68.41,2022,11,20,13,47,0,14.444,8,0,NaN
2022,11,20,15,0,0,14.148,10.834,2.3268,67.516,2022,11,20,14,47,0,15.556,8,1.343,232
2022,11,20,16,0,0,17.153,10.862,0.96451,73.28,2022,11,20,15,47,0,17.778,8,0,NaN
2022,11,20,17,0,0,17.183,14.454,0.72915,238.42,2022,11,20,16,47,0,18.889,8,0.895,186
2022,11,20,18,0,0,17.323,17.5,0.95063,217.03,2022,11,20,17,47,0,19.444,17,1.343,184
2022,11,20,19,0,0,18.456,15.504,1.3117,218.2,2022,11,20,18,47,0,20.556,13,1.79,207
2022,11,20,20,0,0,19.62,11.432,1.4783,211,2022,11,20,19,47,0,21.667,13,2.68,198
2022,11,20,21,0,0,19.907,13.142,1.5062,214.95,2022,11,20,20,47,0,22.778,14,4.471,199
2022,11,20,22,0,0,19.928,13.637,1.5316,215.9,2022,11,20,21,47,0,23.333,10,3.575,201
2022,11,20,23,0,0,19.469,13.74,1.4144,233.06,2022,11,20,22,47,0,23.333,12,4.023,197
2022,11,21,0,0,0,18.493,15.145,0.97221,275.53,2022,11,20,23,47,0,21.667,10,1.79,199
2022,11,21,1,0,0,17,14.796,1.153,13.216,2022,11,21,0,47,0,19.444,10,0,NaN
2022,11,21,2,0,0,14.931,20.352,2.9948,330.22,2022,11,21,1,47,0,17.778,13,3.128,2
2022,11,21,3,0,0,14.605,18.377,2.3623,343.46,2022,11,21,2,47,0,17.222,14,2.68,357
2022,11,21,4,0,0,15.197,17.048,2.4168,344.42,2022,11,21,3,47,0,17.222,15,1.79,5
2022,11,21,5,0,0,16.222,16.935,1.9269,8.3018,2022,11,21,4,47,0,17.222,13,0.895,52
2022,11,21,6,0,0,15.871,12.912,1.0715,350.26,2022,11,21,5,47,0,16.667,13,0.448,181
2022,11,21,7,0,0,15.748,15.917,1.7663,359.86,2022,11,21,6,47,0,16.667,12,0.448,215
2022,11,21,8,0,0,15.553,17.563,2.0259,358.22,2022,11,21,7,47,0,16.667,12,0,NaN
2022,11,21,9,0,0,14.918,17.19,2.358,11.954,2022,11,21,8,47,0,17.222,10,1.79,341
2022,11,21,10,0,0,15.82,15.537,2.02,5.0727,2022,11,21,9,47,0,17.222,11,2.233,5
2022,11,21,11,0,0,15.419,16.104,1.1857,359.2,2022,11,21,10,47,0,17.222,10,1.79,3
2022,11,21,12,0,0,14.849,16.813,1.0324,342.43,2022,11,21,11,47,0,17.222,9,0.448,5
2022,11,21,13,0,0,14.869,17.119,0.7028,335.02,2022,11,21,12,47,0,17.222,9,0.895,338
2022,11,21,14,0,0,15.022,15.6,1.0774,330.75,2022,11,21,13,47,0,16.667,8,1.343,357
2022,11,21,15,0,0,15.844,15.34,1.4738,342.41,2022,11,21,14,47,0,16.667,7,1.343,343
2022,11,21,16,0,0,16.994,15.511,1.2106,329.19,2022,11,21,15,47,0,18.889,8,0.448,229
2022,11,21,17,0,0,16.7,18.526,0.96669,245.81,2022,11,21,16,47,0,18.889,12,0.448,117
2022,11,21,18,0,0,17.002,23.011,1.1064,236.61,2022,11,21,17,47,0,18.889,15,0.895,169
2022,11,21,19,0,0,17.378,26.089,1.1531,213.07,2022,11,21,18,47,0,20,18,1.79,174
2022,11,21,20,0,0,17.966,25.766,1.3937,215.6,2022,11,21,19,47,0,20.556,19,3.128,196
2022,11,21,21,0,0,18.67,21.268,1.8693,229.4,2022,11,21,20,47,0,20,20,2.233,207
2022,11,21,22,0,0,18.271,22.699,2.1304,243.8,2022,11,21,21,47,0,21.111,17,2.233,202
2022,11,21,23,0,0,17.961,20.076,2.1687,250.3,2022,11,21,22,47,0,21.667,15,3.128,199
2022,11,22,0,0,0,16.301,25.98,1.2194,270.24,2022,11,21,23,47,0,20,17,1.79,199
2022,11,22,1,0,0,14.956,20.22,2.046,302.4,0,0,0,0,0,0,NaN,NaN,NaN,NaN
2022,11,22,2,0,0,14.819,20.696,2.1138,337.42,0,0,0,0,0,0,NaN,NaN,NaN,NaN
2022,11,22,3,0,0,15.354,19.346,2.2859,342.24,0,0,0,0,0,0,NaN,NaN,NaN,NaN
2022,11,22,4,0,0,15.408,20.846,0.62733,340.49,0,0,0,0,0,0,NaN,NaN,NaN,NaN
2022,11,22,5,0,0,15.85,18.638,1.9416,49.227,0,0,0,0,0,0,NaN,NaN,NaN,NaN
2022,11,22,6,0,0,15.426,16.246,2.2687,43.675,0,0,0,0,0,0,NaN,NaN,NaN,NaN
2022,11,22,7,0,0,16.591,11.671,1.5859,58.349,0,0,0,0,0,0,NaN,NaN,NaN,NaN
2022,11,22,8,0,0,14.541,15.353,2.8666,51.005,0,0,0,0,0,0,NaN,NaN,NaN,NaN
2022,11,22,9,0,0,16.253,12.295,1.6311,51.86,0,0,0,0,0,0,NaN,NaN,NaN,NaN
2022,11,22,10,0,0,15.005,16.985,0.8732,38.772,0,0,0,0,0,0,NaN,NaN,NaN,NaN
2022,11,22,11,0,0,14.705,17.248,0.63712,355.75,0,0,0,0,0,0,NaN,NaN,NaN,NaN
2022,11,22,12,0,0,14.635,17.094,0.85401,331.24,0,0,0,0,0,0,NaN,NaN,NaN,NaN
