model forecast and observations from station:mtic1
station latitude:34.4614
station longitude:-119.649
model latitude:34.4572
model longitude:-119.6543
model, , , , , , , , , ,obs, , , , , , , , ,
year,month,day,hour,min,sec,model temperature,model rel hum,model wind speed,model wind direction,year,month,day,hour,min,sec,obs temperature,obs rel hum,obs wind speed,obs wind direction
yyyy,mm,dd,hh,mm,ss,deg C,%,m/s,deg N,yyyy,mm,dd,hh,mm,ss,deg C,%,m/s,deg N
2022,8,14,0,0,0,27.796,48.243,1.9475,236.78,2022,8,14,0,0,0,NaN,NaN,NaN,NaN
2022,8,14,1,0,0,27.631,50.904,1.053,211.98,2022,8,14,1,0,0,NaN,NaN,NaN,NaN
2022,8,14,2,0,0,26.335,56.735,0.60879,258.59,2022,8,14,2,0,0,NaN,NaN,NaN,NaN
2022,8,14,3,0,0,25.885,50.784,0.41672,296.53,2022,8,14,3,0,0,NaN,NaN,NaN,NaN
2022,8,14,4,0,0,26.013,49.272,0.4247,284.11,2022,8,14,4,0,0,NaN,NaN,NaN,NaN
2022,8,14,5,0,0,27.128,38.545,1.3695,315.4,2022,8,14,5,0,0,NaN,NaN,NaN,NaN
2022,8,14,6,0,0,26.765,35.803,1.0607,353.22,2022,8,14,6,0,0,NaN,NaN,NaN,NaN
2022,8,14,7,0,0,24.121,49.039,1.0305,104.62,2022,8,14,7,0,0,NaN,NaN,NaN,NaN
2022,8,14,8,0,0,22.837,58.102,2.0325,88.524,2022,8,14,8,0,0,NaN,NaN,NaN,NaN
2022,8,14,9,0,0,23.025,53.552,1.6623,88.786,2022,8,14,9,0,0,NaN,NaN,NaN,NaN
2022,8,14,10,0,0,23.468,48.819,1.136,85.199,2022,8,14,10,0,0,NaN,NaN,NaN,NaN
2022,8,14,11,0,0,23.783,45.471,0.81827,64.152,2022,8,14,11,0,0,NaN,NaN,NaN,NaN
2022,8,14,12,0,0,23.33,45.356,0.48316,48.824,2022,8,14,12,0,0,NaN,NaN,NaN,NaN
2022,8,14,13,0,0,22.105,50.593,0.047674,97.769,2022,8,14,13,0,0,NaN,NaN,NaN,NaN
2022,8,14,14,0,0,21.89,54.36,0.22356,107.83,2022,8,14,14,0,0,NaN,NaN,NaN,NaN
2022,8,14,15,0,0,23.634,51.822,0.63928,123.93,2022,8,14,15,0,0,NaN,NaN,NaN,NaN
2022,8,14,16,0,0,24.409,58.682,0.85083,166.8,2022,8,14,16,0,0,NaN,NaN,NaN,NaN
2022,8,14,17,0,0,25.876,54.51,1.1356,177.97,2022,8,14,17,0,0,NaN,NaN,NaN,NaN
2022,8,14,18,0,0,27.294,49.723,1.4055,184.16,2022,8,14,18,0,0,NaN,NaN,NaN,NaN
2022,8,14,19,0,0,28.54,43.942,1.7422,187.09,2022,8,14,19,0,0,NaN,NaN,NaN,NaN
2022,8,14,20,0,0,29.411,41.008,1.8733,191.74,2022,8,14,20,0,0,NaN,NaN,NaN,NaN
2022,8,14,21,0,0,29.77,40.365,1.9862,203.02,2022,8,14,21,0,0,NaN,NaN,NaN,NaN
2022,8,14,22,0,0,29.499,41.086,1.9643,205.94,2022,8,14,22,0,0,NaN,NaN,NaN,NaN
2022,8,14,23,0,0,29.016,42.295,1.9034,212.69,2022,8,14,23,0,0,NaN,NaN,NaN,NaN
2022,8,15,0,0,0,28.124,45.286,1.7929,223.34,2022,8,15,0,0,0,NaN,NaN,NaN,NaN
2022,8,15,1,0,0,26.253,52.521,1.459,234.34,2022,8,15,0,47,0,27.778,43,1.343,199
2022,8,15,2,0,0,25.086,57.688,0.7269,258.85,2022,8,15,1,47,0,26.111,48,0.895,157
2022,8,15,3,0,0,25.887,49.56,0.36672,348.65,2022,8,15,2,47,0,25,48,0.448,36
2022,8,15,4,0,0,27.333,39.412,0.96348,294.4,2022,8,15,3,47,0,27.222,32,0.895,70
2022,8,15,5,0,0,27.254,34.655,2.1561,299.32,2022,8,15,4,47,0,27.222,30,0.895,357
2022,8,15,6,0,0,26.454,36.455,1.0533,325.58,2022,8,15,5,47,0,25,37,0.895,135
2022,8,15,7,0,0,26.098,36.748,1.2208,52.634,2022,8,15,6,47,0,24.444,37,0.448,175
2022,8,15,8,0,0,25.769,37.224,1.7455,73.309,2022,8,15,7,47,0,23.333,40,0,NaN
2022,8,15,9,0,0,23.66,45.153,2.0846,91.939,2022,8,15,8,47,0,22.222,45,0.448,309
2022,8,15,10,0,0,21.734,56.642,2.2643,98.018,2022,8,15,9,47,0,20.556,49,1.343,72
2022,8,15,11,0,0,22.843,51.335,1.7615,91.683,2022,8,15,10,47,0,22.778,36,1.79,68
2022,8,15,12,0,0,22.396,52.814,0.62176,101.02,2022,8,15,11,47,0,23.333,34,1.79,69
2022,8,15,13,0,0,21.392,57.433,0.46496,97.299,2022,8,15,12,47,0,22.778,33,0.895,3
2022,8,15,14,0,0,21.565,60.845,1.0516,101.78,2022,8,15,13,47,0,22.778,34,0.895,344
2022,8,15,15,0,0,22.708,61.166,0.87792,113.94,2022,8,15,14,47,0,25.556,24,0.895,333
2022,8,15,16,0,0,24.614,57.877,1.0382,132.59,2022,8,15,15,47,0,28.889,23,0,NaN
2022,8,15,17,0,0,25.775,54.931,1.2681,145.57,2022,8,15,16,47,0,28.333,32,0.448,137
2022,8,15,18,0,0,27.284,49.997,1.4894,162.17,2022,8,15,17,47,0,27.778,39,1.79,208
2022,8,15,19,0,0,28.456,45.758,1.7589,168.54,2022,8,15,18,47,0,26.111,47,1.79,182
2022,8,15,20,0,0,28.98,43.766,1.7797,176.25,2022,8,15,19,47,0,27.222,47,1.343,192
2022,8,15,21,0,0,29.2,43.034,1.8567,184.52,2022,8,15,20,47,0,26.667,44,1.79,189
2022,8,15,22,0,0,28.919,42.441,1.7282,191.14,2022,8,15,21,47,0,27.222,43,1.79,185
2022,8,15,23,0,0,28.496,44.85,1.5792,206.66,2022,8,15,22,47,0,26.667,41,1.79,194
2022,8,16,0,0,0,27.834,46.341,1.4312,219.36,2022,8,15,23,47,0,27.222,40,1.79,207
2022,8,16,1,0,0,26.58,50.416,1.3941,229.83,2022,8,16,0,47,0,27.222,43,0.895,209
2022,8,16,2,0,0,24.973,56.253,1.0261,255.51,2022,8,16,1,47,0,26.667,43,0,NaN
2022,8,16,3,0,0,24.694,51.21,1.0918,281.38,2022,8,16,2,47,0,24.444,48,0,NaN
2022,8,16,4,0,0,25.616,46.198,0.74858,288.84,2022,8,16,3,47,0,23.333,50,1.343,24
2022,8,16,5,0,0,24.032,52.149,0.71882,238.21,2022,8,16,4,47,0,24.444,44,2.233,97
2022,8,16,6,0,0,24.486,49.323,0.32589,305.81,2022,8,16,5,47,0,24.444,40,1.79,50
2022,8,16,7,0,0,25.002,46.752,0.2698,27.123,2022,8,16,6,47,0,24.444,40,1.79,79
2022,8,16,8,0,0,25.159,46.004,0.29587,33.845,2022,8,16,7,47,0,23.889,40,2.233,72
2022,8,16,9,0,0,24.552,47.263,0.2222,319.97,2022,8,16,8,47,0,22.778,41,0.448,47
2022,8,16,10,0,0,23.961,48.25,0.34234,315.55,2022,8,16,9,47,0,22.222,44,0.895,11
2022,8,16,11,0,0,23.366,49.521,0.28133,305.15,2022,8,16,10,47,0,22.778,41,0.448,56
2022,8,16,12,0,0,22.766,51.509,0.49717,281.74,2022,8,16,11,47,0,24.444,33,2.233,97
2022,8,16,13,0,0,22.61,50.792,0.39906,302.7,2022,8,16,12,47,0,23.889,34,1.343,106
2022,8,16,14,0,0,23.62,48.067,0.28658,329.84,2022,8,16,13,47,0,23.889,32,1.343,91
2022,8,16,15,0,0,25.201,44.535,0.16688,222.03,2022,8,16,14,47,0,26.111,29,0,NaN
2022,8,16,16,0,0,25.325,50.294,0.75283,158.57,2022,8,16,15,47,0,26.667,33,0,NaN
2022,8,16,17,0,0,26.17,51.093,1.2164,164.83,2022,8,16,16,47,0,25,46,0.895,164
2022,8,16,18,0,0,27.316,46.599,1.5193,169.04,2022,8,16,17,47,0,25,48,1.343,186
2022,8,16,19,0,0,28.622,42.439,1.7064,173.86,2022,8,16,18,47,0,26.111,47,1.79,194
2022,8,16,20,0,0,29.082,42.37,1.7789,176.47,2022,8,16,19,47,0,28.333,40,2.68,192
2022,8,16,21,0,0,29.244,42.347,1.7808,175.28,2022,8,16,20,47,0,28.889,38,2.233,180
2022,8,16,22,0,0,29.384,41.176,1.6755,184.1,2022,8,16,21,47,0,28.889,38,2.233,185
2022,8,16,23,0,0,29.1,42.162,1.6033,194.77,2022,8,16,22,47,0,29.444,37,1.343,186
2022,8,17,0,0,0,27.875,48.089,1.4212,214.04,2022,8,16,23,47,0,31.111,31,0.895,193
2022,8,17,1,0,0,26.567,51.2,1.1337,222.3,0,0,0,0,0,0,NaN,NaN,NaN,NaN
2022,8,17,2,0,0,25.03,54.846,0.96309,257.37,0,0,0,0,0,0,NaN,NaN,NaN,NaN
2022,8,17,3,0,0,23.933,53.603,0.85996,277.48,0,0,0,0,0,0,NaN,NaN,NaN,NaN
2022,8,17,4,0,0,24.242,50.06,0.50942,270.97,0,0,0,0,0,0,NaN,NaN,NaN,NaN
2022,8,17,5,0,0,24.691,46.6,0.94677,277.62,0,0,0,0,0,0,NaN,NaN,NaN,NaN
2022,8,17,6,0,0,25.096,44.659,1.1606,273.36,0,0,0,0,0,0,NaN,NaN,NaN,NaN
2022,8,17,7,0,0,23.982,50.185,1.4182,278.69,0,0,0,0,0,0,NaN,NaN,NaN,NaN
2022,8,17,8,0,0,23.983,48.437,0.6086,322.54,0,0,0,0,0,0,NaN,NaN,NaN,NaN
2022,8,17,9,0,0,23.652,47.138,0.44981,296.79,0,0,0,0,0,0,NaN,NaN,NaN,NaN
2022,8,17,10,0,0,22.853,49.929,0.48574,290.03,0,0,0,0,0,0,NaN,NaN,NaN,NaN
2022,8,17,11,0,0,22.77,49.319,0.13321,336.28,0,0,0,0,0,0,NaN,NaN,NaN,NaN
2022,8,17,12,0,0,22.27,50.979,0.3762,290.18,0,0,0,0,0,0,NaN,NaN,NaN,NaN
