model forecast and observations from station:mtic1
station latitude:34.4614
station longitude:-119.649
model latitude:34.4572
model longitude:-119.6543
model, , , , , , , , , ,obs, , , , , , , , ,
year,month,day,hour,min,sec,model temperature,model rel hum,model wind speed,model wind direction,year,month,day,hour,min,sec,obs temperature,obs rel hum,obs wind speed,obs wind direction
yyyy,mm,dd,hh,mm,ss,deg C,%,m/s,deg N,yyyy,mm,dd,hh,mm,ss,deg C,%,m/s,deg N
2022,7,19,0,0,0,25.645,60.569,1.7305,218.29,2022,7,19,0,0,0,NaN,NaN,NaN,NaN
2022,7,19,1,0,0,24.658,66.81,1.4451,230.58,2022,7,19,0,47,0,28.333,49,1.343,252
2022,7,19,2,0,0,23.061,70.821,1.1111,238.55,2022,7,19,1,47,0,28.333,43,0,NaN
2022,7,19,3,0,0,20.219,87.488,0.57399,247.95,2022,7,19,2,47,0,28.889,22,0.448,290
2022,7,19,4,0,0,19.372,91.438,0.46061,101.47,2022,7,19,3,47,0,26.667,18,1.343,324
2022,7,19,5,0,0,18.727,94.596,0.97573,102.08,2022,7,19,4,47,0,25.556,23,0.895,326
2022,7,19,6,0,0,17.805,99.039,0.81667,102.72,2022,7,19,5,47,0,23.333,43,0,NaN
2022,7,19,7,0,0,17.749,96.052,1.0138,91.165,2022,7,19,6,47,0,21.111,67,0.895,44
2022,7,19,8,0,0,18.348,89.083,0.59385,96.185,2022,7,19,7,47,0,22.222,56,0.895,127
2022,7,19,9,0,0,18.186,90.94,0.72777,98.012,2022,7,19,8,47,0,21.667,59,1.79,69
2022,7,19,10,0,0,18.058,91.812,1.1505,98.272,2022,7,19,9,47,0,22.222,47,0.448,63
2022,7,19,11,0,0,18.624,86.82,0.90502,96.193,2022,7,19,10,47,0,21.667,46,0,NaN
2022,7,19,12,0,0,18.845,84.147,0.48724,91.324,2022,7,19,11,47,0,21.111,48,0,NaN
2022,7,19,13,0,0,18.411,85.339,0.36899,86.923,2022,7,19,12,47,0,21.111,44,0.448,358
2022,7,19,14,0,0,19.606,79.753,0.31479,125.59,2022,7,19,13,47,0,21.111,57,0,NaN
2022,7,19,15,0,0,20.023,80.727,0.70591,157.64,2022,7,19,14,47,0,23.333,47,0.448,351
2022,7,19,16,0,0,20.783,78.461,1.0483,164.79,2022,7,19,15,47,0,25.556,49,0.448,325
2022,7,19,17,0,0,22.32,71.581,1.2212,179,2022,7,19,16,47,0,25.556,53,0.448,187
2022,7,19,18,0,0,24.553,61.792,1.412,194.37,2022,7,19,17,47,0,25.556,53,1.343,195
2022,7,19,19,0,0,26.028,54.14,1.6292,206,2022,7,19,18,47,0,25,58,2.233,188
2022,7,19,20,0,0,26.229,56.146,1.9493,208.53,2022,7,19,19,47,0,25.556,57,2.68,198
2022,7,19,21,0,0,26.059,57.371,2.084,210.15,2022,7,19,20,47,0,27.222,51,2.68,192
2022,7,19,22,0,0,25.562,58.256,2.0055,211.68,2022,7,19,21,47,0,26.667,49,4.023,191
2022,7,19,23,0,0,25.176,58.914,1.9355,215.74,2022,7,19,22,47,0,26.667,49,1.343,180
2022,7,20,0,0,0,24.692,59.504,1.7393,224.99,2022,7,19,23,47,0,26.111,50,2.233,188
2022,7,20,1,0,0,23.288,64.24,1.3764,225.33,2022,7,20,0,47,0,25.556,53,2.233,196
2022,7,20,2,0,0,22.053,68.452,0.70662,227.63,2022,7,20,1,47,0,26.111,51,0.448,310
2022,7,20,3,0,0,20.523,71.586,0.059911,203.97,2022,7,20,2,47,0,23.889,57,1.343,170
2022,7,20,4,0,0,21.704,61.339,0.16128,54.64,2022,7,20,3,47,0,22.778,59,1.343,87
2022,7,20,5,0,0,22.365,58.034,0.66918,286.13,2022,7,20,4,47,0,25.556,43,1.343,206
2022,7,20,6,0,0,23.091,52.668,1.0156,290.43,2022,7,20,5,47,0,27.222,35,1.343,354
2022,7,20,7,0,0,19.832,66.235,0.48635,107.46,2022,7,20,6,47,0,26.111,38,0.895,353
2022,7,20,8,0,0,18.688,71.4,1.4637,95.391,2022,7,20,7,47,0,25,40,2.233,102
2022,7,20,9,0,0,19.243,70.622,1.1804,92.35,2022,7,20,8,47,0,23.333,46,3.128,82
2022,7,20,10,0,0,17.876,75.183,1.3086,101.23,2022,7,20,9,47,0,20.556,51,4.918,87
2022,7,20,11,0,0,16.855,82.264,1.3977,100.96,2022,7,20,10,47,0,20.556,51,2.68,80
2022,7,20,12,0,0,16.695,84.178,1.2957,97.941,2022,7,20,11,47,0,21.667,44,1.343,30
2022,7,20,13,0,0,15.949,89.662,1.4998,98.934,2022,7,20,12,47,0,22.222,42,0.448,62
2022,7,20,14,0,0,17.794,78.007,1.8549,105.86,2022,7,20,13,47,0,22.222,38,1.343,95
2022,7,20,15,0,0,18.683,78.773,1.7971,112.81,2022,7,20,14,47,0,22.222,47,3.128,83
2022,7,20,16,0,0,20.103,75.26,1.5659,126.86,2022,7,20,15,47,0,24.444,41,2.68,101
2022,7,20,17,0,0,21.342,74.893,1.5609,140.36,2022,7,20,16,47,0,25,48,0.895,148
2022,7,20,18,0,0,22.222,72.866,1.6482,148.22,2022,7,20,17,47,0,25.556,52,1.79,187
2022,7,20,19,0,0,23.292,69.221,1.7917,151.04,2022,7,20,18,47,0,26.111,47,1.79,176
2022,7,20,20,0,0,23.244,67.63,2.0936,147.13,2022,7,20,19,47,0,25.556,52,2.233,178
2022,7,20,21,0,0,23.545,64.773,2.0656,149.18,2022,7,20,20,47,0,26.667,42,2.68,196
2022,7,20,22,0,0,23.39,63.657,1.8866,150.43,2022,7,20,21,47,0,25.556,49,3.128,204
2022,7,20,23,0,0,23.379,62.131,1.4392,156.18,2022,7,20,22,47,0,25,50,1.79,198
2022,7,21,0,0,0,23.021,61.359,1.3903,171.53,2022,7,20,23,47,0,25,51,2.233,198
2022,7,21,1,0,0,20.969,69.25,0.98011,173.92,2022,7,21,0,47,0,26.111,43,0.448,264
2022,7,21,2,0,0,19.222,78.502,0.50191,163.12,2022,7,21,1,47,0,25.556,41,0.448,291
2022,7,21,3,0,0,17.595,88.175,0.092168,177.3,2022,7,21,2,47,0,23.333,52,0.895,142
2022,7,21,4,0,0,17.394,87.416,0.65306,97.313,2022,7,21,3,47,0,22.222,54,0.895,70
2022,7,21,5,0,0,17.203,89.43,0.97765,101.32,2022,7,21,4,47,0,20.556,66,0.895,169
2022,7,21,6,0,0,16.985,90.01,0.96734,104.48,2022,7,21,5,47,0,21.667,59,1.343,35
2022,7,21,7,0,0,17.635,83.941,1.0498,93.97,2022,7,21,6,47,0,21.111,60,0.895,65
2022,7,21,8,0,0,17.662,81.257,1.4988,93.228,2022,7,21,7,47,0,20,65,0.895,64
2022,7,21,9,0,0,18.183,75.491,0.64317,96.213,2022,7,21,8,47,0,21.667,54,1.79,90
2022,7,21,10,0,0,16.8,77.13,2.1516,98.786,2022,7,21,9,47,0,21.111,42,1.79,86
2022,7,21,11,0,0,16.607,76.172,2.1361,97.724,2022,7,21,10,47,0,20.556,46,1.79,72
2022,7,21,12,0,0,16.451,76.14,1.9849,99.215,2022,7,21,11,47,0,20,47,1.79,109
2022,7,21,13,0,0,15.892,80.796,2.0611,103.56,2022,7,21,12,47,0,17.778,44,3.128,95
2022,7,21,14,0,0,18.068,74.267,1.6617,109.52,2022,7,21,13,47,0,16.667,54,0.895,36
2022,7,21,15,0,0,18.419,79.985,1.4744,120.81,2022,7,21,14,47,0,22.778,29,0.895,219
2022,7,21,16,0,0,20.129,73.057,1.2737,134.64,2022,7,21,15,47,0,25,33,0,NaN
2022,7,21,17,0,0,21.717,65.466,1.2444,162.69,2022,7,21,16,47,0,24.444,36,1.343,180
2022,7,21,18,0,0,22.871,62.11,1.3583,180.29,2022,7,21,17,47,0,25,49,1.343,181
2022,7,21,19,0,0,23.105,60.403,1.5807,173.51,2022,7,21,18,47,0,22.778,59,1.79,186
2022,7,21,20,0,0,23.565,58.619,1.6293,178.01,2022,7,21,19,47,0,23.889,57,2.233,191
2022,7,21,21,0,0,23.248,60.535,1.6166,178.57,2022,7,21,20,47,0,25,54,2.68,195
2022,7,21,22,0,0,23.491,59.459,1.5591,198.11,2022,7,21,21,47,0,24.444,51,2.68,189
2022,7,21,23,0,0,23.149,60.149,1.6282,217,2022,7,21,22,47,0,26.667,44,2.233,219
2022,7,22,0,0,0,21.731,67.763,1.5329,221.95,2022,7,21,23,47,0,25,46,1.79,209
2022,7,22,1,0,0,19.921,76.405,0.92427,216.47,0,0,0,0,0,0,NaN,NaN,NaN,NaN
2022,7,22,2,0,0,19.529,75.567,0.35186,154.76,0,0,0,0,0,0,NaN,NaN,NaN,NaN
2022,7,22,3,0,0,19.403,67.958,0.7205,90.362,0,0,0,0,0,0,NaN,NaN,NaN,NaN
2022,7,22,4,0,0,21.483,51.041,0.36591,28.773,0,0,0,0,0,0,NaN,NaN,NaN,NaN
2022,7,22,5,0,0,22.097,46.423,0.34696,9.6702,0,0,0,0,0,0,NaN,NaN,NaN,NaN
2022,7,22,6,0,0,20.637,53.436,0.64749,98.627,0,0,0,0,0,0,NaN,NaN,NaN,NaN
2022,7,22,7,0,0,18.734,64.507,1.4711,93.057,0,0,0,0,0,0,NaN,NaN,NaN,NaN
2022,7,22,8,0,0,20.522,49.985,0.54663,64.63,0,0,0,0,0,0,NaN,NaN,NaN,NaN
2022,7,22,9,0,0,21.548,43.274,2.0107,70.662,0,0,0,0,0,0,NaN,NaN,NaN,NaN
2022,7,22,10,0,0,20.234,48.321,2.075,86.174,0,0,0,0,0,0,NaN,NaN,NaN,NaN
2022,7,22,11,0,0,17.249,65.755,2.2708,99.957,0,0,0,0,0,0,NaN,NaN,NaN,NaN
2022,7,22,12,0,0,15.891,83.792,1.6891,99.136,0,0,0,0,0,0,NaN,NaN,NaN,NaN
