model forecast and observations from station:mtic1
station latitude:34.4614
station longitude:-119.649
model latitude:34.4572
model longitude:-119.6543
model, , , , , , , , , ,obs, , , , , , , , ,
year,month,day,hour,min,sec,model temperature,model rel hum,model wind speed,model wind direction,year,month,day,hour,min,sec,obs temperature,obs rel hum,obs wind speed,obs wind direction
yyyy,mm,dd,hh,mm,ss,deg C,%,m/s,deg N,yyyy,mm,dd,hh,mm,ss,deg C,%,m/s,deg N
2022,5,19,0,0,0,20.202,61.546,0.914,279.03,2022,5,19,0,0,0,NaN,NaN,NaN,NaN
2022,5,19,1,0,0,15.684,81.565,1.1209,178.27,2022,5,19,0,47,0,18.889,63,0.895,216
2022,5,19,2,0,0,13.733,93.697,0.87712,142.47,2022,5,19,1,47,0,17.778,68,0.895,257
2022,5,19,3,0,0,13.285,94.443,0.92181,97.197,2022,5,19,2,47,0,15.556,76,1.79,97
2022,5,19,4,0,0,13.267,90.829,0.61018,96.669,2022,5,19,3,47,0,16.667,74,2.68,95
2022,5,19,5,0,0,16.036,65.836,0.10226,17.82,2022,5,19,4,47,0,16.667,72,2.68,104
2022,5,19,6,0,0,16.348,62.683,0.44902,46.63,2022,5,19,5,47,0,15,79,2.68,98
2022,5,19,7,0,0,16.436,62.483,1.3193,75.46,2022,5,19,6,47,0,13.889,83,1.343,81
2022,5,19,8,0,0,14.335,78.044,1.7393,100.45,2022,5,19,7,47,0,11.667,91,0.895,10
2022,5,19,9,0,0,12.991,88.475,1.6271,104.35,2022,5,19,8,47,0,13.889,85,0.448,185
2022,5,19,10,0,0,12.089,94.639,1.6912,109.3,2022,5,19,9,47,0,13.889,85,1.343,93
2022,5,19,11,0,0,11.305,99.9,1.4281,113.74,2022,5,19,10,47,0,12.778,92,0,NaN
2022,5,19,12,0,0,11.333,99.9,1.3987,109.38,2022,5,19,11,47,0,10,98,1.343,162
2022,5,19,13,0,0,11.542,97.085,1.6435,112.92,2022,5,19,12,47,0,10,99,0.895,6
2022,5,19,14,0,0,13.362,91.576,1.373,121.39,2022,5,19,13,47,0,10.556,100,1.343,102
2022,5,19,15,0,0,13.058,95.485,1.5997,155.36,2022,5,19,14,47,0,11.111,100,1.79,194
2022,5,19,16,0,0,12.984,95.606,1.5524,169.27,2022,5,19,15,47,0,11.667,100,1.343,195
2022,5,19,17,0,0,13.508,95.482,0.91872,150.87,2022,5,19,16,47,0,12.222,100,1.79,198
2022,5,19,18,0,0,14.462,91.906,1.1314,145.5,2022,5,19,17,47,0,12.778,99,1.343,203
2022,5,19,19,0,0,15.047,89.341,1.3443,157.17,2022,5,19,18,47,0,13.333,97,1.343,210
2022,5,19,20,0,0,14.115,94.483,0.99203,162.76,2022,5,19,19,47,0,13.889,94,1.79,203
2022,5,19,21,0,0,14.343,94.43,0.99205,159.14,2022,5,19,20,47,0,14.444,89,1.79,201
2022,5,19,22,0,0,14.485,92.47,1.1153,153.97,2022,5,19,21,47,0,14.444,87,2.233,199
2022,5,19,23,0,0,14.541,91.843,1.4927,144.86,2022,5,19,22,47,0,15.556,82,2.68,205
2022,5,20,0,0,0,14.238,93.499,1.7968,142.31,2022,5,19,23,47,0,16.111,79,2.233,198
2022,5,20,1,0,0,13.8,95.374,2.1622,126.88,2022,5,20,0,47,0,13.889,90,1.79,200
2022,5,20,2,0,0,13.384,96.751,2.5097,118.82,2022,5,20,1,47,0,12.222,96,1.79,184
2022,5,20,3,0,0,12.831,97.99,2.4684,116.24,2022,5,20,2,47,0,11.111,99,1.343,163
2022,5,20,4,0,0,12.6,98.615,2.4066,116.15,2022,5,20,3,47,0,11.111,100,0.448,79
2022,5,20,5,0,0,12.946,98.513,2.5069,122.16,2022,5,20,4,47,0,11.111,100,0.448,91
2022,5,20,6,0,0,12.538,98.629,2.1762,130.05,2022,5,20,5,47,0,11.111,100,0.895,137
2022,5,20,7,0,0,12.333,98.715,2.069,136.81,2022,5,20,6,47,0,11.111,100,0.895,85
2022,5,20,8,0,0,12.215,98.982,1.3634,139.74,2022,5,20,7,47,0,11.667,100,0,NaN
2022,5,20,9,0,0,12.073,99.155,0.88441,141.5,2022,5,20,8,47,0,11.667,100,1.79,38
2022,5,20,10,0,0,12.172,99.231,0.7623,150.22,2022,5,20,9,47,0,11.667,100,0.895,152
2022,5,20,11,0,0,11.991,99.223,0.31162,119.75,2022,5,20,10,47,0,11.667,100,0.895,168
2022,5,20,12,0,0,11.981,99.246,0.38387,149.03,2022,5,20,11,47,0,11.111,100,1.343,188
2022,5,20,13,0,0,11.908,99.223,0.42674,161.52,2022,5,20,12,47,0,11.111,100,0.448,224
2022,5,20,14,0,0,11.882,98.971,0.91519,134.8,2022,5,20,13,47,0,11.111,100,0.448,112
2022,5,20,15,0,0,12.055,98.516,0.84184,177.91,2022,5,20,14,47,0,11.667,100,1.343,176
2022,5,20,16,0,0,12.219,97.972,1.2423,153.01,2022,5,20,15,47,0,11.667,100,0.895,171
2022,5,20,17,0,0,12.645,96.922,0.79923,188.45,2022,5,20,16,47,0,11.667,100,1.343,189
2022,5,20,18,0,0,12.821,96.7,1.6191,197.01,2022,5,20,17,47,0,12.222,100,2.233,184
2022,5,20,19,0,0,12.977,96.53,1.3086,192.58,2022,5,20,18,47,0,11.667,100,0.895,186
2022,5,20,20,0,0,13.066,95.32,1.538,176.56,2022,5,20,19,47,0,12.778,100,0.895,210
2022,5,20,21,0,0,12.91,96.903,1.6268,167.65,2022,5,20,20,47,0,12.778,100,2.233,187
2022,5,20,22,0,0,13.525,91.246,0.9821,180.12,2022,5,20,21,47,0,13.333,100,0.895,201
2022,5,20,23,0,0,14.202,84.863,0.71354,171.63,2022,5,20,22,47,0,13.889,94,0.448,200
2022,5,21,0,0,0,15.184,78.48,1.3517,191.31,2022,5,20,23,47,0,14.444,89,1.343,184
2022,5,21,1,0,0,14.649,81.01,1.0154,191.47,2022,5,21,0,47,0,13.889,94,1.343,205
2022,5,21,2,0,0,13.956,83.665,0.62737,179.54,2022,5,21,1,47,0,13.889,91,0.448,191
2022,5,21,3,0,0,12.003,95.392,0.56427,89.755,2022,5,21,2,47,0,13.333,97,0,NaN
2022,5,21,4,0,0,12.321,91.447,0.59296,77.507,2022,5,21,3,47,0,13.333,95,0,NaN
2022,5,21,5,0,0,12.516,84.091,0.17908,93.039,2022,5,21,4,47,0,13.333,91,0,NaN
2022,5,21,6,0,0,12.812,74.107,0.38933,30.48,2022,5,21,5,47,0,13.333,88,0.448,200
2022,5,21,7,0,0,12.612,74.239,0.80992,66.433,2022,5,21,6,47,0,13.333,85,2.233,349
2022,5,21,8,0,0,11.992,81.61,1.5287,82.082,2022,5,21,7,47,0,13.333,83,1.79,332
2022,5,21,9,0,0,11.58,88.423,1.5635,79.791,2022,5,21,8,47,0,12.778,84,0.895,355
2022,5,21,10,0,0,11.78,90.905,1.1178,80.607,2022,5,21,9,47,0,12.222,88,0.448,159
2022,5,21,11,0,0,12.256,92.993,0.90391,84.061,2022,5,21,10,47,0,12.222,89,0.895,145
2022,5,21,12,0,0,12.495,95.445,1.3257,78.061,2022,5,21,11,47,0,12.778,86,0.895,118
2022,5,21,13,0,0,11.787,99.9,1.0871,82.008,2022,5,21,12,47,0,12.222,89,1.343,360
2022,5,21,14,0,0,13.013,93.786,1.3139,92.541,2022,5,21,13,47,0,12.778,82,0.895,3
2022,5,21,15,0,0,12.901,94.521,0.9054,107.51,2022,5,21,14,47,0,14.444,79,0.448,153
2022,5,21,16,0,0,13.968,86.801,1.052,138.2,2022,5,21,15,47,0,12.778,92,0.895,162
2022,5,21,17,0,0,14.999,82.112,1.3775,171.45,2022,5,21,16,47,0,13.889,91,0.895,196
2022,5,21,18,0,0,16.362,71.099,1.3086,167.29,2022,5,21,17,47,0,13.333,93,1.343,159
2022,5,21,19,0,0,17.213,68.167,2.3594,186.14,2022,5,21,18,47,0,13.333,89,0.448,191
2022,5,21,20,0,0,17.334,67.127,2.4338,190.58,2022,5,21,19,47,0,16.111,74,2.233,190
2022,5,21,21,0,0,17.371,67.145,2.3077,196.83,2022,5,21,20,47,0,17.222,69,1.79,212
2022,5,21,22,0,0,17.146,68.21,2.2089,202.11,2022,5,21,21,47,0,16.111,72,3.128,185
2022,5,21,23,0,0,17.779,65.259,2.6411,223.17,2022,5,21,22,47,0,17.222,68,2.68,199
2022,5,22,0,0,0,17.608,65.09,3.0812,235.47,2022,5,21,23,47,0,18.889,59,4.471,218
2022,5,22,1,0,0,16.823,67.443,2.9741,253.24,0,0,0,0,0,0,NaN,NaN,NaN,NaN
2022,5,22,2,0,0,15.526,70.829,2.5159,260.3,0,0,0,0,0,0,NaN,NaN,NaN,NaN
2022,5,22,3,0,0,12.565,87.651,1.1096,265.58,0,0,0,0,0,0,NaN,NaN,NaN,NaN
2022,5,22,4,0,0,11.997,90.555,0.49153,284.53,0,0,0,0,0,0,NaN,NaN,NaN,NaN
2022,5,22,5,0,0,12.043,88.629,0.6898,100.51,0,0,0,0,0,0,NaN,NaN,NaN,NaN
2022,5,22,6,0,0,11.686,90.099,0.98987,110.83,0,0,0,0,0,0,NaN,NaN,NaN,NaN
2022,5,22,7,0,0,11.266,90.746,0.38939,96.378,0,0,0,0,0,0,NaN,NaN,NaN,NaN
2022,5,22,8,0,0,11.183,86.76,0.44573,73.188,0,0,0,0,0,0,NaN,NaN,NaN,NaN
2022,5,22,9,0,0,11.271,83.983,0.90559,86.38,0,0,0,0,0,0,NaN,NaN,NaN,NaN
2022,5,22,10,0,0,11.943,82.442,1.3196,84.011,0,0,0,0,0,0,NaN,NaN,NaN,NaN
2022,5,22,11,0,0,10.305,99.9,1.6325,102.5,0,0,0,0,0,0,NaN,NaN,NaN,NaN
2022,5,22,12,0,0,10.19,94.184,1.9839,93.761,0,0,0,0,0,0,NaN,NaN,NaN,NaN
