model forecast and observations from station:mtic1
station latitude:34.4614
station longitude:-119.649
model latitude:34.4572
model longitude:-119.6543
model, , , , , , , , , ,obs, , , , , , , , ,
year,month,day,hour,min,sec,model temperature,model rel hum,model wind speed,model wind direction,year,month,day,hour,min,sec,obs temperature,obs rel hum,obs wind speed,obs wind direction
yyyy,mm,dd,hh,mm,ss,deg C,%,m/s,deg N,yyyy,mm,dd,hh,mm,ss,deg C,%,m/s,deg N
2022,10,13,0,0,0,22.242,68.165,1.4112,273.67,2022,10,13,0,0,0,NaN,NaN,NaN,NaN
2022,10,13,1,0,0,20.177,80.463,0.70746,111.54,2022,10,13,0,47,0,21.111,61,2.233,2
2022,10,13,2,0,0,23.014,55.35,3.89,353.05,2022,10,13,1,47,0,16.667,96,2.68,297
2022,10,13,3,0,0,20.959,56.332,1.8185,340.53,2022,10,13,2,47,0,23.889,37,7.598,13
2022,10,13,4,0,0,19.736,65.605,0.58109,9.129,2022,10,13,3,47,0,23.889,37,7.598,14
2022,10,13,5,0,0,16.008,99.612,2.3195,114.55,2022,10,13,4,47,0,23.889,36,6.703,19
2022,10,13,6,0,0,18.594,78.773,0.86151,339.08,2022,10,13,5,47,0,22.778,40,4.023,15
2022,10,13,7,0,0,16.271,98.761,1.1825,139.31,2022,10,13,6,47,0,24.444,33,8.493,15
2022,10,13,8,0,0,15.886,99.122,0.37386,327.26,2022,10,13,7,47,0,17.778,72,1.343,0
2022,10,13,9,0,0,18.483,71.629,0.4481,322.31,2022,10,13,8,47,0,14.444,99,1.343,42
2022,10,13,10,0,0,18.733,67.44,1.7265,303,2022,10,13,9,47,0,16.667,75,1.343,12
2022,10,13,11,0,0,16.997,78.79,1.321,277.9,2022,10,13,10,47,0,18.889,57,0.895,156
2022,10,13,12,0,0,17.207,74.733,0.090203,93.064,2022,10,13,11,47,0,16.667,76,1.343,43
2022,10,13,13,0,0,17.152,75.102,1.0987,93.23,2022,10,13,12,47,0,16.667,76,1.343,119
2022,10,13,14,0,0,15.07,91.205,1.7909,107.86,2022,10,13,13,47,0,13.889,98,1.343,110
2022,10,13,15,0,0,16.375,89.581,1.7989,113.24,2022,10,13,14,47,0,13.333,100,1.343,59
2022,10,13,16,0,0,18.418,81.812,1.5544,101.77,2022,10,13,15,47,0,15,99,0,NaN
2022,10,13,17,0,0,20.329,73.908,1.8082,131.11,2022,10,13,16,47,0,15.556,97,0.895,190
2022,10,13,18,0,0,20.501,75.141,1.7237,142.59,2022,10,13,17,47,0,16.667,93,1.343,200
2022,10,13,19,0,0,20.692,73.991,1.7395,155.58,2022,10,13,18,47,0,16.667,90,1.79,200
2022,10,13,20,0,0,21.113,69.103,1.67,165.63,2022,10,13,19,47,0,18.333,83,1.79,206
2022,10,13,21,0,0,20.88,71.192,1.6123,167.56,2022,10,13,20,47,0,19.444,76,3.128,203
2022,10,13,22,0,0,20.426,74.917,1.4168,171.4,2022,10,13,21,47,0,20.556,73,3.128,198
2022,10,13,23,0,0,20.316,73.806,1.1146,166.06,2022,10,13,22,47,0,20.556,74,3.128,201
2022,10,14,0,0,0,19.388,79.394,0.8486,175.4,2022,10,13,23,47,0,18.889,79,2.233,195
2022,10,14,1,0,0,17.532,91.784,0.23121,151.03,2022,10,14,0,47,0,16.111,93,0.895,188
2022,10,14,2,0,0,17.196,89.31,0.23003,60.999,2022,10,14,1,47,0,15,98,0.448,342
2022,10,14,3,0,0,17.499,83.646,0.72861,278.26,2022,10,14,2,47,0,14.444,100,0.895,41
2022,10,14,4,0,0,17.498,81.177,0.082408,145.01,2022,10,14,3,47,0,14.444,97,0.448,78
2022,10,14,5,0,0,16.721,85.743,1.0344,107.86,2022,10,14,4,47,0,16.667,86,0.448,79
2022,10,14,6,0,0,15.274,97.419,1.228,107.88,2022,10,14,5,47,0,14.444,98,1.343,114
2022,10,14,7,0,0,15.485,99.402,1.8767,99.371,2022,10,14,6,47,0,13.889,100,1.343,115
2022,10,14,8,0,0,15.52,95.757,1.9844,99.027,2022,10,14,7,47,0,13.889,100,0.448,101
2022,10,14,9,0,0,15.031,97.612,1.8427,99.101,2022,10,14,8,47,0,13.889,100,0.895,50
2022,10,14,10,0,0,14.342,99.9,2.0575,101.39,2022,10,14,9,47,0,14.444,100,0.895,185
2022,10,14,11,0,0,14.186,99.9,1.7156,99.659,2022,10,14,10,47,0,13.889,100,0.895,104
2022,10,14,12,0,0,13.958,99.9,1.6257,98.448,2022,10,14,11,47,0,13.889,100,0.895,110
2022,10,14,13,0,0,14.014,99.9,1.7574,96.219,2022,10,14,12,47,0,13.889,100,0.448,67
2022,10,14,14,0,0,15.243,89.877,1.4012,96.331,2022,10,14,13,47,0,13.889,100,0.448,76
2022,10,14,15,0,0,16.221,86.03,0.92526,106.07,2022,10,14,14,47,0,13.889,100,0.895,88
2022,10,14,16,0,0,16.764,90.169,0.97683,134.36,2022,10,14,15,47,0,13.889,100,1.79,87
2022,10,14,17,0,0,17.107,93.244,1.0303,147.27,2022,10,14,16,47,0,15,100,1.343,190
2022,10,14,18,0,0,16.864,94.633,0.92369,155.57,2022,10,14,17,47,0,15,100,1.79,183
2022,10,14,19,0,0,17.605,90.677,0.99482,152.74,2022,10,14,18,47,0,15.556,100,1.343,205
2022,10,14,20,0,0,19.041,81.761,1.301,174.95,2022,10,14,19,47,0,15.556,100,0.448,203
2022,10,14,21,0,0,19.409,77.136,1.3981,182.39,2022,10,14,20,47,0,15.556,100,1.79,206
2022,10,14,22,0,0,19.722,74.229,1.4577,186.94,2022,10,14,21,47,0,15.556,100,1.343,211
2022,10,14,23,0,0,19.147,78.004,1.2255,198.88,2022,10,14,22,47,0,16.111,99,1.343,199
2022,10,15,0,0,0,18.694,81.711,0.86709,218.54,2022,10,14,23,47,0,15.556,99,1.79,201
2022,10,15,1,0,0,16.854,91.866,0.46959,247.28,2022,10,15,0,47,0,15,100,0.448,191
2022,10,15,2,0,0,16.25,95.022,0.44857,298.46,2022,10,15,1,47,0,15,100,0.448,202
2022,10,15,3,0,0,15.558,96.605,0.69975,263.72,2022,10,15,2,47,0,15,100,0.448,211
2022,10,15,4,0,0,14.705,99.9,0.07658,93.865,2022,10,15,3,47,0,15,100,0.895,188
2022,10,15,5,0,0,15.545,99.23,1.6392,95.348,2022,10,15,4,47,0,14.444,100,0.895,187
2022,10,15,6,0,0,15.938,95.998,1.7237,74.306,2022,10,15,5,47,0,15,100,0.448,120
2022,10,15,7,0,0,16.201,94.4,1.4389,82.718,2022,10,15,6,47,0,15,100,0.448,139
2022,10,15,8,0,0,16.008,95.241,1.1832,82.849,2022,10,15,7,47,0,15,100,0.448,212
2022,10,15,9,0,0,15.721,96.696,0.9737,92.531,2022,10,15,8,47,0,15,100,0,NaN
2022,10,15,10,0,0,14.964,99.886,0.80507,66.968,2022,10,15,9,47,0,15,100,0.448,215
2022,10,15,11,0,0,15.191,98.768,0.80509,35.397,2022,10,15,10,47,0,15,100,0,NaN
2022,10,15,12,0,0,15.319,96.373,0.86452,83.174,2022,10,15,11,47,0,14.444,100,0.895,123
2022,10,15,13,0,0,15.152,98.773,1.3206,60.226,2022,10,15,12,47,0,14.444,100,0,NaN
2022,10,15,14,0,0,15.595,94.274,1.0449,63.109,2022,10,15,13,47,0,14.444,100,1.343,106
2022,10,15,15,0,0,15.289,98.041,0.68581,109.44,2022,10,15,14,47,0,15,100,0.448,224
2022,10,15,16,0,0,15.517,97.778,0.66855,163.49,2022,10,15,15,47,0,15,100,0.448,170
2022,10,15,17,0,0,15.631,98.054,0.52231,191.04,2022,10,15,16,47,0,15,100,1.343,186
2022,10,15,18,0,0,15.644,97.764,0.78146,176.59,2022,10,15,17,47,0,15,100,1.79,180
2022,10,15,19,0,0,15.907,96.962,0.51475,106.24,2022,10,15,18,47,0,16.111,100,1.343,199
2022,10,15,20,0,0,16.794,90.867,0.95336,180.45,2022,10,15,19,47,0,15,100,1.79,169
2022,10,15,21,0,0,16.692,91.175,0.89972,183.63,2022,10,15,20,47,0,16.111,100,0.895,201
2022,10,15,22,0,0,16.544,92.544,0.51779,352.56,2022,10,15,21,47,0,17.222,100,2.233,201
2022,10,15,23,0,0,18.526,78.168,1.0489,190.78,2022,10,15,22,47,0,16.111,100,1.79,178
2022,10,16,0,0,0,17.964,83.753,1.2831,235.69,2022,10,15,23,47,0,15.556,98,0.448,186
2022,10,16,1,0,0,16.703,92.136,1.1185,235.57,0,0,0,0,0,0,NaN,NaN,NaN,NaN
2022,10,16,2,0,0,15.752,95.607,0.78181,273.47,0,0,0,0,0,0,NaN,NaN,NaN,NaN
2022,10,16,3,0,0,14.544,99.9,1.0966,270.02,0,0,0,0,0,0,NaN,NaN,NaN,NaN
2022,10,16,4,0,0,14.529,99.9,1.0145,269,0,0,0,0,0,0,NaN,NaN,NaN,NaN
2022,10,16,5,0,0,14.401,98.471,0.55516,336.89,0,0,0,0,0,0,NaN,NaN,NaN,NaN
2022,10,16,6,0,0,14.823,98.007,0.19246,140.84,0,0,0,0,0,0,NaN,NaN,NaN,NaN
2022,10,16,7,0,0,14.309,99.9,0.42652,243.89,0,0,0,0,0,0,NaN,NaN,NaN,NaN
2022,10,16,8,0,0,14.024,99.9,0.4411,274.61,0,0,0,0,0,0,NaN,NaN,NaN,NaN
2022,10,16,9,0,0,13.673,99.9,0.18399,280.26,0,0,0,0,0,0,NaN,NaN,NaN,NaN
2022,10,16,10,0,0,13.607,99.9,0.27297,69.939,0,0,0,0,0,0,NaN,NaN,NaN,NaN
2022,10,16,11,0,0,14.27,99.432,0.53941,112.37,0,0,0,0,0,0,NaN,NaN,NaN,NaN
2022,10,16,12,0,0,13.253,99.9,1.0018,83.75,0,0,0,0,0,0,NaN,NaN,NaN,NaN
