model forecast and observations from station:mtic1
station latitude:34.4614
station longitude:-119.649
model latitude:34.4572
model longitude:-119.6543
model, , , , , , , , , ,obs, , , , , , , , ,
year,month,day,hour,min,sec,model temperature,model rel hum,model wind speed,model wind direction,year,month,day,hour,min,sec,obs temperature,obs rel hum,obs wind speed,obs wind direction
yyyy,mm,dd,hh,mm,ss,deg C,%,m/s,deg N,yyyy,mm,dd,hh,mm,ss,deg C,%,m/s,deg N
2022,7,27,0,0,0,22.572,61.621,2.1672,232.5,2022,7,27,0,0,0,NaN,NaN,NaN,NaN
2022,7,27,1,0,0,20.814,70.209,1.6987,226.13,2022,7,27,0,47,0,20.556,67,1.79,186
2022,7,27,2,0,0,19.057,80.206,0.68056,233.78,2022,7,27,1,47,0,20.556,66,0.448,182
2022,7,27,3,0,0,17.134,88.751,0.28294,107,2022,7,27,2,47,0,19.444,69,0.448,296
2022,7,27,4,0,0,17.425,82.949,0.64691,88.337,2022,7,27,3,47,0,18.333,71,0.895,239
2022,7,27,5,0,0,18.299,74.06,0.12551,130.6,2022,7,27,4,47,0,19.444,65,0,NaN
2022,7,27,6,0,0,17.677,79.217,0.91584,117.39,2022,7,27,5,47,0,17.778,74,0.448,113
2022,7,27,7,0,0,16.868,87.277,0.91601,99.305,2022,7,27,6,47,0,18.889,63,0,NaN
2022,7,27,8,0,0,16.087,96.14,1.8697,98.339,2022,7,27,7,47,0,18.333,65,1.343,66
2022,7,27,9,0,0,16.437,87.948,1.9677,93.205,2022,7,27,8,47,0,18.333,65,1.79,40
2022,7,27,10,0,0,16.009,89.741,1.7821,102.12,2022,7,27,9,47,0,18.333,65,0,NaN
2022,7,27,11,0,0,14.99,97.118,1.726,101.95,2022,7,27,10,47,0,18.889,63,0.895,64
2022,7,27,12,0,0,14.606,99.812,1.8022,99.044,2022,7,27,11,47,0,18.889,59,0,NaN
2022,7,27,13,0,0,14.223,99.9,1.93,101.11,2022,7,27,12,47,0,18.333,70,1.343,85
2022,7,27,14,0,0,15.313,95.99,1.8898,102.58,2022,7,27,13,47,0,17.778,76,0.895,62
2022,7,27,15,0,0,16.768,89.936,1.5027,117.51,2022,7,27,14,47,0,20.556,61,0,NaN
2022,7,27,16,0,0,18.107,81.884,1.5236,131.06,2022,7,27,15,47,0,21.667,61,0,NaN
2022,7,27,17,0,0,19.491,74.591,1.6385,139.45,2022,7,27,16,47,0,21.111,65,0.895,10
2022,7,27,18,0,0,20.599,71.217,1.5104,150.46,2022,7,27,17,47,0,20,69,0.895,194
2022,7,27,19,0,0,21.348,69.815,1.5006,165.19,2022,7,27,18,47,0,20,68,1.79,175
2022,7,27,20,0,0,22.251,67.049,1.6342,176.05,2022,7,27,19,47,0,21.111,65,2.233,186
2022,7,27,21,0,0,22.092,67.468,1.6228,184.89,2022,7,27,20,47,0,21.667,64,2.233,186
2022,7,27,22,0,0,22.147,67.492,1.5842,204.5,2022,7,27,21,47,0,22.222,62,2.233,190
2022,7,27,23,0,0,21.941,65.345,1.7493,221.79,2022,7,27,22,47,0,21.667,64,2.68,191
2022,7,28,0,0,0,21.411,64.906,1.5679,223.62,2022,7,27,23,47,0,21.111,64,2.68,190
2022,7,28,1,0,0,20.296,69.147,1.1206,204.96,2022,7,28,0,47,0,21.111,64,1.79,195
2022,7,28,2,0,0,18.729,77.883,0.5861,155.75,2022,7,28,1,47,0,21.111,65,0.895,300
2022,7,28,3,0,0,16.939,88.259,0.81759,97.32,2022,7,28,2,47,0,21.111,64,0.448,58
2022,7,28,4,0,0,17.366,84.573,0.86807,105.77,2022,7,28,3,47,0,18.889,71,1.343,89
2022,7,28,5,0,0,17.419,80.461,0.93107,106.63,2022,7,28,4,47,0,18.889,71,0.895,53
2022,7,28,6,0,0,16.747,83.659,1.4137,109.67,2022,7,28,5,47,0,20.556,61,0.895,19
2022,7,28,7,0,0,16.428,85.104,1.5156,110.41,2022,7,28,6,47,0,20.556,59,0,NaN
2022,7,28,8,0,0,16.21,84.449,1.8924,107.67,2022,7,28,7,47,0,19.444,66,2.233,78
2022,7,28,9,0,0,16.292,86.494,2.1371,101.23,2022,7,28,8,47,0,17.778,74,0.448,134
2022,7,28,10,0,0,16.007,88.205,2.2778,102.03,2022,7,28,9,47,0,17.222,76,0,NaN
2022,7,28,11,0,0,15.27,91.737,1.4195,104.95,2022,7,28,10,47,0,16.111,80,0,NaN
2022,7,28,12,0,0,15.622,89.206,1.8605,102.66,2022,7,28,11,47,0,19.444,61,1.343,40
2022,7,28,13,0,0,15.474,90.486,1.4615,104.47,2022,7,28,12,47,0,17.778,68,0,NaN
2022,7,28,14,0,0,16.254,87.984,1.2145,107.46,2022,7,28,13,47,0,16.667,77,0.895,212
2022,7,28,15,0,0,17.064,88.628,0.93583,128.43,2022,7,28,14,47,0,18.889,68,0.448,103
2022,7,28,16,0,0,19.087,77.675,1.3137,130.13,2022,7,28,15,47,0,20.556,67,0.448,44
2022,7,28,17,0,0,20.125,73.167,1.3753,154.8,2022,7,28,16,47,0,18.889,77,0.895,181
2022,7,28,18,0,0,21.671,67.636,1.3878,174.88,2022,7,28,17,47,0,20.556,70,1.343,168
2022,7,28,19,0,0,22.986,62.829,1.4608,182.25,2022,7,28,18,47,0,21.111,68,2.233,190
2022,7,28,20,0,0,23.918,59.747,1.6711,188.96,2022,7,28,19,47,0,22.778,62,2.68,192
2022,7,28,21,0,0,23.957,58.781,1.7808,186.8,2022,7,28,20,47,0,22.778,62,2.233,190
2022,7,28,22,0,0,23.319,60.255,1.6282,187.63,2022,7,28,21,47,0,23.333,59,2.68,195
2022,7,28,23,0,0,22.767,61.229,1.4803,201.44,2022,7,28,22,47,0,23.333,58,2.233,187
2022,7,29,0,0,0,22.159,64.047,1.485,221.27,2022,7,28,23,47,0,23.889,57,2.233,207
2022,7,29,1,0,0,21.258,67.504,1.3418,227.04,2022,7,29,0,47,0,23.333,59,1.343,205
2022,7,29,2,0,0,19.803,75.176,0.44874,222.99,2022,7,29,1,47,0,22.222,62,1.343,209
2022,7,29,3,0,0,18.251,82.401,0.38935,107.95,2022,7,29,2,47,0,20.556,66,0.895,169
2022,7,29,4,0,0,18.872,74.96,0.87886,95.498,2022,7,29,3,47,0,21.111,59,1.343,194
2022,7,29,5,0,0,19.898,67.083,0.2871,317.59,2022,7,29,4,47,0,21.111,59,0.895,32
2022,7,29,6,0,0,20.141,66.623,1.1757,72.288,2022,7,29,5,47,0,22.222,56,0,NaN
2022,7,29,7,0,0,19.318,70.719,1.7737,84.458,2022,7,29,6,47,0,21.111,55,1.79,112
2022,7,29,8,0,0,19.481,69.789,1.8064,81.431,2022,7,29,7,47,0,21.667,52,0.895,6
2022,7,29,9,0,0,19.099,69.773,1.7945,81.465,2022,7,29,8,47,0,22.222,33,1.343,71
2022,7,29,10,0,0,19.392,67.701,1.6082,82.719,2022,7,29,9,47,0,21.111,42,0.448,26
2022,7,29,11,0,0,19.766,66.448,1.5554,84.659,2022,7,29,10,47,0,18.333,70,0.448,229
2022,7,29,12,0,0,18.591,74.727,1.0471,94.71,2022,7,29,11,47,0,18.889,61,0.448,219
2022,7,29,13,0,0,18.511,76.323,1.2321,98.708,2022,7,29,12,47,0,17.778,69,0.448,244
2022,7,29,14,0,0,19.554,74.278,0.839,105.33,2022,7,29,13,47,0,18.333,70,0.895,36
2022,7,29,15,0,0,19.581,77.238,1.0691,126.81,2022,7,29,14,47,0,20.556,63,0,NaN
2022,7,29,16,0,0,20.735,74.34,1.3528,143.17,2022,7,29,15,47,0,21.667,61,0.448,307
2022,7,29,17,0,0,21.95,69.03,1.7039,155.35,2022,7,29,16,47,0,21.111,70,1.343,166
2022,7,29,18,0,0,22.815,65.331,1.7427,169.18,2022,7,29,17,47,0,21.111,69,1.79,187
2022,7,29,19,0,0,23.355,63.378,1.842,173.15,2022,7,29,18,47,0,22.222,67,2.68,190
2022,7,29,20,0,0,23.866,62.527,1.8713,175.66,2022,7,29,19,47,0,23.333,62,1.79,210
2022,7,29,21,0,0,24.228,61.666,1.8612,180.03,2022,7,29,20,47,0,26.111,51,2.233,201
2022,7,29,22,0,0,24.697,60.003,1.7987,187.91,2022,7,29,21,47,0,25.556,53,2.233,191
2022,7,29,23,0,0,24.473,61.092,1.6146,187.96,2022,7,29,22,47,0,25,54,2.68,192
2022,7,30,0,0,0,23.917,63.916,1.2864,200.49,2022,7,29,23,47,0,25,54,2.233,194
2022,7,30,1,0,0,23.283,66.984,1.1816,219.82,0,0,0,0,0,0,NaN,NaN,NaN,NaN
2022,7,30,2,0,0,21.742,72.207,0.78694,231.86,0,0,0,0,0,0,NaN,NaN,NaN,NaN
2022,7,30,3,0,0,19.064,85.883,0.18457,123.37,0,0,0,0,0,0,NaN,NaN,NaN,NaN
2022,7,30,4,0,0,19.719,79.121,0.59015,103.04,0,0,0,0,0,0,NaN,NaN,NaN,NaN
2022,7,30,5,0,0,19.71,76.759,0.20864,264.78,0,0,0,0,0,0,NaN,NaN,NaN,NaN
2022,7,30,6,0,0,20.185,71.977,0.3059,278.95,0,0,0,0,0,0,NaN,NaN,NaN,NaN
2022,7,30,7,0,0,20.742,67.1,0.70612,304.26,0,0,0,0,0,0,NaN,NaN,NaN,NaN
2022,7,30,8,0,0,20.115,68.51,0.23992,54.159,0,0,0,0,0,0,NaN,NaN,NaN,NaN
2022,7,30,9,0,0,19.79,71.014,0.50052,87.42,0,0,0,0,0,0,NaN,NaN,NaN,NaN
2022,7,30,10,0,0,19.876,78.84,1.3604,83.842,0,0,0,0,0,0,NaN,NaN,NaN,NaN
2022,7,30,11,0,0,19.763,80.055,1.2995,89.892,0,0,0,0,0,0,NaN,NaN,NaN,NaN
2022,7,30,12,0,0,19.484,79.73,1.3258,88.344,0,0,0,0,0,0,NaN,NaN,NaN,NaN
