model forecast and observations from station:mtic1
station latitude:34.4614
station longitude:-119.649
model latitude:34.4572
model longitude:-119.6543
model, , , , , , , , , ,obs, , , , , , , , ,
year,month,day,hour,min,sec,model temperature,model rel hum,model wind speed,model wind direction,year,month,day,hour,min,sec,obs temperature,obs rel hum,obs wind speed,obs wind direction
yyyy,mm,dd,hh,mm,ss,deg C,%,m/s,deg N,yyyy,mm,dd,hh,mm,ss,deg C,%,m/s,deg N
2022,7,22,0,0,0,24.19,59.522,1.5117,243.48,2022,7,22,0,0,0,NaN,NaN,NaN,NaN
2022,7,22,1,0,0,22.18,67.869,0.93118,146.97,2022,7,22,0,47,0,23.333,54,1.343,192
2022,7,22,2,0,0,20.416,77.637,1.4523,121,2022,7,22,1,47,0,23.889,54,0.895,342
2022,7,22,3,0,0,19.412,80.135,0.86248,109.37,2022,7,22,2,47,0,23.889,51,0,NaN
2022,7,22,4,0,0,18.441,84.334,0.76815,104.37,2022,7,22,3,47,0,23.333,49,0.895,79
2022,7,22,5,0,0,18.072,81.279,0.73114,90.657,2022,7,22,4,47,0,22.778,52,0.895,133
2022,7,22,6,0,0,18.772,77.784,0.7208,271.27,2022,7,22,5,47,0,20,49,3.128,74
2022,7,22,7,0,0,19.325,73.924,1.428,269.18,2022,7,22,6,47,0,21.111,53,1.79,35
2022,7,22,8,0,0,21.609,55.682,1.3325,285.04,2022,7,22,7,47,0,21.667,48,0.895,357
2022,7,22,9,0,0,22.42,46.507,2.2218,17.12,2022,7,22,8,47,0,20,50,1.343,82
2022,7,22,10,0,0,26.606,31.156,4.7901,20.371,2022,7,22,9,47,0,20,44,0.448,288
2022,7,22,11,0,0,23.244,40.648,3.1754,30.506,2022,7,22,10,47,0,21.111,42,1.343,221
2022,7,22,12,0,0,21.26,49.185,1.7433,60.953,2022,7,22,11,47,0,20,40,0.895,152
2022,7,22,13,0,0,20.283,54.391,2.3282,76.256,2022,7,22,12,47,0,19.444,39,1.79,102
2022,7,22,14,0,0,21.484,56.12,1.2568,92.345,2022,7,22,13,47,0,20,36,0.895,35
2022,7,22,15,0,0,21.955,60.464,1.0142,119.09,2022,7,22,14,47,0,22.222,34,0.448,125
2022,7,22,16,0,0,21.212,76.158,1.0299,164.71,2022,7,22,15,47,0,22.222,48,0.895,247
2022,7,22,17,0,0,20.096,92.122,1.4675,148.69,2022,7,22,16,47,0,21.667,62,1.79,189
2022,7,22,18,0,0,21.316,80.863,1.2433,160.17,2022,7,22,17,47,0,20.556,70,1.79,179
2022,7,22,19,0,0,22.007,77.21,1.5225,161.37,2022,7,22,18,47,0,19.444,71,2.68,185
2022,7,22,20,0,0,21.93,78.86,1.8753,157.85,2022,7,22,19,47,0,20.556,68,2.233,190
2022,7,22,21,0,0,21.212,83.09,1.9277,143.41,2022,7,22,20,47,0,22.778,60,2.233,198
2022,7,22,22,0,0,21.379,84.2,1.8875,139.61,2022,7,22,21,47,0,22.778,57,2.233,197
2022,7,22,23,0,0,22.422,79.186,1.4845,144.4,2022,7,22,22,47,0,23.333,56,2.233,187
2022,7,23,0,0,0,23.43,70.631,1.2578,165.95,2022,7,22,23,47,0,23.333,56,1.79,191
2022,7,23,1,0,0,23.645,64.63,0.70164,204.18,2022,7,23,0,47,0,22.222,58,1.343,185
2022,7,23,2,0,0,25.674,45.917,0.71574,297.93,2022,7,23,1,47,0,25,49,0.448,300
2022,7,23,3,0,0,24.92,41.978,1.4839,336.35,2022,7,23,2,47,0,25,47,0,NaN
2022,7,23,4,0,0,24.326,43.021,1.1613,353.82,2022,7,23,3,47,0,22.778,52,0.448,17
2022,7,23,5,0,0,24.286,40.782,1.1365,345.75,2022,7,23,4,47,0,22.222,52,1.343,360
2022,7,23,6,0,0,23.453,43.986,0.77459,340.22,2022,7,23,5,47,0,23.333,45,1.79,52
2022,7,23,7,0,0,22.873,47.223,0.65221,12.847,2022,7,23,6,47,0,22.778,43,1.79,57
2022,7,23,8,0,0,23.626,35.436,2.6482,25.83,2022,7,23,7,47,0,21.667,46,2.233,81
2022,7,23,9,0,0,22.943,39.099,2.6533,36.767,2022,7,23,8,47,0,20.556,49,0.895,29
2022,7,23,10,0,0,20.944,53.224,1.7641,88.913,2022,7,23,9,47,0,20,47,2.233,43
2022,7,23,11,0,0,18.062,75.304,2.2013,103.13,2022,7,23,10,47,0,20,43,0,NaN
2022,7,23,12,0,0,15.806,99.894,1.6079,107.79,2022,7,23,11,47,0,18.889,49,0,NaN
2022,7,23,13,0,0,15.19,99.9,1.93,102.23,2022,7,23,12,47,0,15,73,0,NaN
2022,7,23,14,0,0,17.764,83.993,1.418,96.862,2022,7,23,13,47,0,13.889,94,0.448,51
2022,7,23,15,0,0,19.569,74.247,1.5639,114.66,2022,7,23,14,47,0,16.667,82,0.448,163
2022,7,23,16,0,0,20.132,81.607,1.62,132.5,2022,7,23,15,47,0,17.222,84,1.343,187
2022,7,23,17,0,0,21.073,73.022,1.2711,167.21,2022,7,23,16,47,0,17.222,86,2.233,189
2022,7,23,18,0,0,22.048,65.226,1.5084,168.15,2022,7,23,17,47,0,18.889,80,2.68,196
2022,7,23,19,0,0,22.743,63.511,1.8002,163.62,2022,7,23,18,47,0,20.556,71,2.68,190
2022,7,23,20,0,0,22.817,64.221,1.9057,164.56,2022,7,23,19,47,0,21.667,69,2.68,209
2022,7,23,21,0,0,22.862,64.982,1.8575,157.25,2022,7,23,20,47,0,22.778,64,3.575,203
2022,7,23,22,0,0,22.851,65.347,1.7318,161.65,2022,7,23,21,47,0,22.222,65,3.128,202
2022,7,23,23,0,0,22.768,66.212,1.6087,166.51,2022,7,23,22,47,0,22.222,65,3.128,197
2022,7,24,0,0,0,21.551,71.88,1.4123,160.19,2022,7,23,23,47,0,21.667,65,2.233,202
2022,7,24,1,0,0,20.347,80.754,1.2349,137.76,2022,7,24,0,47,0,21.111,66,1.343,206
2022,7,24,2,0,0,19.896,80.601,1.119,109.85,2022,7,24,1,47,0,20.556,66,0.895,205
2022,7,24,3,0,0,20.377,66.306,1.0221,91.233,2022,7,24,2,47,0,20.556,67,0.448,14
2022,7,24,4,0,0,20.734,55.236,0.051827,140.21,2022,7,24,3,47,0,21.111,58,0.448,123
2022,7,24,5,0,0,20.874,50.759,0.030462,193.25,2022,7,24,4,47,0,21.111,54,1.79,111
2022,7,24,6,0,0,19.715,58.996,0.58932,111.76,2022,7,24,5,47,0,20.556,58,0.895,107
2022,7,24,7,0,0,18.724,64.949,1.613,103.69,2022,7,24,6,47,0,19.444,70,4.023,94
2022,7,24,8,0,0,20.599,54.076,1.4365,81.045,2022,7,24,7,47,0,20.556,52,0.448,178
2022,7,24,9,0,0,19.225,64.173,2.2243,83.525,2022,7,24,8,47,0,20,48,0,NaN
2022,7,24,10,0,0,18.779,68.691,2.4456,84.64,2022,7,24,9,47,0,15,91,1.343,58
2022,7,24,11,0,0,17.661,75.717,2.4132,92.177,2022,7,24,10,47,0,17.778,68,0.448,314
2022,7,24,12,0,0,16.576,82.65,1.9723,95.964,2022,7,24,11,47,0,17.778,64,0.448,286
2022,7,24,13,0,0,16.019,85.342,1.6535,96.24,2022,7,24,12,47,0,15,85,0,NaN
2022,7,24,14,0,0,18.054,76.739,1.8525,99.536,2022,7,24,13,47,0,14.444,89,0.895,16
2022,7,24,15,0,0,18.776,75.446,1.3676,121.06,2022,7,24,14,47,0,16.667,77,0,NaN
2022,7,24,16,0,0,19.899,72.585,1.3409,147.34,2022,7,24,15,47,0,17.222,79,0.895,141
2022,7,24,17,0,0,20.99,68.698,1.4844,162.81,2022,7,24,16,47,0,17.778,79,1.79,192
2022,7,24,18,0,0,21.77,64.631,1.5133,169.39,2022,7,24,17,47,0,18.889,75,1.79,193
2022,7,24,19,0,0,22.926,59.395,1.6063,177.76,2022,7,24,18,47,0,20,70,1.79,201
2022,7,24,20,0,0,23.554,56.859,1.7406,189.37,2022,7,24,19,47,0,21.111,67,3.128,205
2022,7,24,21,0,0,23.836,56.243,1.8093,195.03,2022,7,24,20,47,0,20.556,67,2.68,196
2022,7,24,22,0,0,23.841,57.518,1.7539,200.82,2022,7,24,21,47,0,22.222,61,2.68,197
2022,7,24,23,0,0,23.511,59.48,1.6295,209.73,2022,7,24,22,47,0,21.667,64,2.233,188
2022,7,25,0,0,0,22.778,61.83,1.3015,217.73,2022,7,24,23,47,0,22.222,61,2.233,203
2022,7,25,1,0,0,21.972,65.265,1.2017,231.78,0,0,0,0,0,0,NaN,NaN,NaN,NaN
2022,7,25,2,0,0,20.234,70.425,0.52351,208.3,0,0,0,0,0,0,NaN,NaN,NaN,NaN
2022,7,25,3,0,0,17.406,84.452,0.49228,105.52,0,0,0,0,0,0,NaN,NaN,NaN,NaN
2022,7,25,4,0,0,17.065,82.933,0.60172,109.1,0,0,0,0,0,0,NaN,NaN,NaN,NaN
2022,7,25,5,0,0,16.634,83.106,0.49478,104.71,0,0,0,0,0,0,NaN,NaN,NaN,NaN
2022,7,25,6,0,0,16.649,82.82,0.98002,99.355,0,0,0,0,0,0,NaN,NaN,NaN,NaN
2022,7,25,7,0,0,17.803,69.066,0.80593,82.846,0,0,0,0,0,0,NaN,NaN,NaN,NaN
2022,7,25,8,0,0,17.215,71.776,1.6865,89.375,0,0,0,0,0,0,NaN,NaN,NaN,NaN
2022,7,25,9,0,0,16.65,77.309,2.3155,90.427,0,0,0,0,0,0,NaN,NaN,NaN,NaN
2022,7,25,10,0,0,16.534,76.959,1.8354,89.252,0,0,0,0,0,0,NaN,NaN,NaN,NaN
2022,7,25,11,0,0,16.795,75.874,1.329,89.517,0,0,0,0,0,0,NaN,NaN,NaN,NaN
2022,7,25,12,0,0,16.425,77.832,1.1205,86.381,0,0,0,0,0,0,NaN,NaN,NaN,NaN
