model forecast and observations from station:mtic1
station latitude:34.4614
station longitude:-119.649
model latitude:34.4572
model longitude:-119.6543
model, , , , , , , , , ,obs, , , , , , , , ,
year,month,day,hour,min,sec,model temperature,model rel hum,model wind speed,model wind direction,year,month,day,hour,min,sec,obs temperature,obs rel hum,obs wind speed,obs wind direction
yyyy,mm,dd,hh,mm,ss,deg C,%,m/s,deg N,yyyy,mm,dd,hh,mm,ss,deg C,%,m/s,deg N
2022,10,19,0,0,0,25.556,49.556,2.0745,237.41,2022,10,19,0,0,0,NaN,NaN,NaN,NaN
2022,10,19,1,0,0,24.891,50.723,1.3916,286.64,2022,10,19,0,47,0,27.222,38,0.895,253
2022,10,19,2,0,0,26.041,31.127,3.2092,337.3,2022,10,19,1,47,0,26.667,32,5.813,350
2022,10,19,3,0,0,26.944,38.911,5.1923,344.95,2022,10,19,2,47,0,26.111,32,2.233,355
2022,10,19,4,0,0,26.516,40.141,5.8705,4.3863,2022,10,19,3,47,0,26.111,31,6.703,2
2022,10,19,5,0,0,26.71,32.75,5.7653,22.016,2022,10,19,4,47,0,26.111,28,8.493,8
2022,10,19,6,0,0,27.921,21.38,4.8802,41.605,2022,10,19,5,47,0,26.111,24,9.836,5
2022,10,19,7,0,0,26.19,23.345,3.5813,45.534,2022,10,19,6,47,0,26.111,23,8.046,9
2022,10,19,8,0,0,25.294,26.592,3.4703,49.545,2022,10,19,7,47,0,27.222,20,4.471,19
2022,10,19,9,0,0,25.515,29.176,3.6292,57.702,2022,10,19,8,47,0,23.889,29,2.233,91
2022,10,19,10,0,0,24.808,30.667,2.8574,71.517,2022,10,19,9,47,0,26.667,21,2.233,50
2022,10,19,11,0,0,24.567,31.331,2.9974,67.545,2022,10,19,10,47,0,27.222,23,4.023,26
2022,10,19,12,0,0,24.344,29.734,2.7517,58.79,2022,10,19,11,47,0,26.667,23,4.023,21
2022,10,19,13,0,0,23.726,28.272,2.688,54.36,2022,10,19,12,47,0,26.667,23,4.918,16
2022,10,19,14,0,0,23.355,29.393,2.3353,40.446,2022,10,19,13,47,0,26.111,24,4.918,14
2022,10,19,15,0,0,25.956,25.723,3.1593,60.499,2022,10,19,14,47,0,26.667,23,4.918,15
2022,10,19,16,0,0,27.815,23.482,1.7267,111.42,2022,10,19,15,47,0,28.889,20,0.895,55
2022,10,19,17,0,0,28.604,23.12,1.7513,128.74,2022,10,19,16,47,0,30,19,2.68,185
2022,10,19,18,0,0,29.172,24.564,2.5298,126,2022,10,19,17,47,0,30.556,19,4.471,186
2022,10,19,19,0,0,29.557,22.725,2.5383,134.61,2022,10,19,18,47,0,31.111,17,4.471,184
2022,10,19,20,0,0,29.51,23.195,2.4664,149.31,2022,10,19,19,47,0,31.111,18,3.575,189
2022,10,19,21,0,0,29.358,24.923,2.15,162.86,2022,10,19,20,47,0,31.667,19,2.68,195
2022,10,19,22,0,0,29.233,25.462,1.9091,178.5,2022,10,19,21,47,0,31.111,20,3.575,195
2022,10,19,23,0,0,28.749,26.648,2.0281,163.84,2022,10,19,22,47,0,31.111,19,4.023,198
2022,10,20,0,0,0,28.075,27.494,0.80133,158.76,2022,10,19,23,47,0,30,22,3.128,197
2022,10,20,1,0,0,26.395,31.421,0.81545,348.63,2022,10,20,0,47,0,27.222,26,0.448,225
2022,10,20,2,0,0,25.156,32.918,1.7352,4.2899,2022,10,20,1,47,0,25.556,28,1.79,356
2022,10,20,3,0,0,24.575,33.274,2.3356,10.072,2022,10,20,2,47,0,25.556,27,0.448,303
2022,10,20,4,0,0,24.647,30.368,2.0358,15.174,2022,10,20,3,47,0,25.556,25,0.895,36
2022,10,20,5,0,0,25.492,27.088,3.5695,34.652,2022,10,20,4,47,0,26.111,24,4.023,1
2022,10,20,6,0,0,25.276,27.366,3.3421,31.924,2022,10,20,5,47,0,25.556,24,2.233,5
2022,10,20,7,0,0,25.404,24.171,3.0094,41.279,2022,10,20,6,47,0,26.111,22,2.68,359
2022,10,20,8,0,0,25.683,24.026,3.3905,41.245,2022,10,20,7,47,0,26.667,19,3.575,350
2022,10,20,9,0,0,24.47,25.62,3.2513,43.606,2022,10,20,8,47,0,25.556,23,1.79,69
2022,10,20,10,0,0,24.63,26.145,2.082,55.244,2022,10,20,9,47,0,26.111,21,1.343,116
2022,10,20,11,0,0,23.708,28.499,1.983,38.206,2022,10,20,10,47,0,26.111,23,1.343,35
2022,10,20,12,0,0,23.176,30.591,2.9456,30.53,2022,10,20,11,47,0,26.111,23,0.895,352
2022,10,20,13,0,0,23.413,29,2.7854,39.138,2022,10,20,12,47,0,25.556,23,0.448,25
2022,10,20,14,0,0,23.067,30.732,2.6183,44.907,2022,10,20,13,47,0,25.556,23,1.343,353
2022,10,20,15,0,0,25.431,27.405,2.909,51.626,2022,10,20,14,47,0,25.556,23,1.343,359
2022,10,20,16,0,0,28.021,23.597,1.5796,75.182,2022,10,20,15,47,0,25.556,25,1.79,137
2022,10,20,17,0,0,27.975,25.069,1.2464,150.97,2022,10,20,16,47,0,27.778,25,0.895,62
2022,10,20,18,0,0,28.74,24.303,1.5389,189.74,2022,10,20,17,47,0,28.333,24,3.128,187
2022,10,20,19,0,0,28.467,26.054,2.2427,181.47,2022,10,20,18,47,0,28.333,23,2.233,201
2022,10,20,20,0,0,27.393,29.355,2.3067,147.45,2022,10,20,19,47,0,30,22,2.68,192
2022,10,20,21,0,0,26.803,31.581,2.3588,138.47,2022,10,20,20,47,0,31.111,21,2.68,197
2022,10,20,22,0,0,27.176,30.69,2.2335,128.51,2022,10,20,21,47,0,30.556,21,3.128,202
2022,10,20,23,0,0,26.496,34.38,2.048,122.88,2022,10,20,22,47,0,28.889,24,3.128,197
2022,10,21,0,0,0,25.118,40.791,1.2871,109.93,2022,10,20,23,47,0,27.778,26,3.128,211
2022,10,21,1,0,0,23.56,42.751,0.69654,18.049,2022,10,21,0,47,0,25,33,1.343,217
2022,10,21,2,0,0,22.618,41.303,1.5592,280.26,2022,10,21,1,47,0,22.778,36,0.448,321
2022,10,21,3,0,0,23.703,35.305,1.5495,320.01,2022,10,21,2,47,0,23.333,33,0,NaN
2022,10,21,4,0,0,23.054,39.083,1.3919,333.83,2022,10,21,3,47,0,23.333,33,0.448,304
2022,10,21,5,0,0,22.918,33.976,2.2488,345.09,2022,10,21,4,47,0,23.333,30,0.448,176
2022,10,21,6,0,0,23.149,35.92,0.96098,342.43,2022,10,21,5,47,0,23.333,31,0.448,232
2022,10,21,7,0,0,23.525,32.217,1.4225,343.96,2022,10,21,6,47,0,23.333,30,0.448,185
2022,10,21,8,0,0,22.608,36.55,0.64382,322.69,2022,10,21,7,47,0,23.889,28,0.895,330
2022,10,21,9,0,0,23.029,33.205,1.2062,335.78,2022,10,21,8,47,0,21.667,35,0.448,118
2022,10,21,10,0,0,20.561,48.01,0.10626,350.51,2022,10,21,9,47,0,21.667,35,3.575,85
2022,10,21,11,0,0,19.839,50.296,0.29067,304.63,2022,10,21,10,47,0,21.667,33,2.233,61
2022,10,21,12,0,0,19.973,45.786,0.35241,55.816,2022,10,21,11,47,0,20.556,35,0.895,114
2022,10,21,13,0,0,19.603,45.505,0.2678,38.182,2022,10,21,12,47,0,20.556,36,2.233,88
2022,10,21,14,0,0,19.256,46.352,0.42441,359.99,2022,10,21,13,47,0,19.444,38,1.79,59
2022,10,21,15,0,0,20.639,42.823,1.5836,87.012,2022,10,21,14,47,0,20.556,36,0.895,215
2022,10,21,16,0,0,20.893,54.553,0.86997,95.374,2022,10,21,15,47,0,20,48,1.343,95
2022,10,21,17,0,0,21.043,64.491,0.78787,151.47,2022,10,21,16,47,0,21.667,53,0.448,182
2022,10,21,18,0,0,22.008,64.272,1.1834,166.18,2022,10,21,17,47,0,20,69,1.343,171
2022,10,21,19,0,0,22.418,64.141,1.4277,177.4,2022,10,21,18,47,0,20.556,70,1.79,196
2022,10,21,20,0,0,22.752,61.853,1.5116,183.01,2022,10,21,19,47,0,20.556,70,2.233,202
2022,10,21,21,0,0,22.823,59.446,1.5132,183.4,2022,10,21,20,47,0,20.556,72,2.68,181
2022,10,21,22,0,0,22.512,60.665,1.4333,186.35,2022,10,21,21,47,0,21.667,67,2.68,204
2022,10,21,23,0,0,21.857,63.533,1.2786,208.22,2022,10,21,22,47,0,21.667,68,1.79,199
2022,10,22,0,0,0,21.082,65.945,1.1165,234.14,2022,10,21,23,47,0,21.111,71,1.79,191
2022,10,22,1,0,0,18.574,79.303,0.7019,259.16,0,0,0,0,0,0,NaN,NaN,NaN,NaN
2022,10,22,2,0,0,18.879,66.182,1.2476,279.39,0,0,0,0,0,0,NaN,NaN,NaN,NaN
2022,10,22,3,0,0,18.416,68.113,1.2155,277.09,0,0,0,0,0,0,NaN,NaN,NaN,NaN
2022,10,22,4,0,0,18.5,65.014,1.4616,283.61,0,0,0,0,0,0,NaN,NaN,NaN,NaN
2022,10,22,5,0,0,18.692,60.102,1.411,285.06,0,0,0,0,0,0,NaN,NaN,NaN,NaN
2022,10,22,6,0,0,18.912,55.05,1.0214,285.08,0,0,0,0,0,0,NaN,NaN,NaN,NaN
2022,10,22,7,0,0,16.841,70.446,0.35962,249.39,0,0,0,0,0,0,NaN,NaN,NaN,NaN
2022,10,22,8,0,0,15.375,82.21,0.5991,89.996,0,0,0,0,0,0,NaN,NaN,NaN,NaN
2022,10,22,9,0,0,14.528,89.48,1.3993,93.308,0,0,0,0,0,0,NaN,NaN,NaN,NaN
2022,10,22,10,0,0,15.175,80.962,1.3231,95.024,0,0,0,0,0,0,NaN,NaN,NaN,NaN
2022,10,22,11,0,0,14.493,85.004,1.5747,94.038,0,0,0,0,0,0,NaN,NaN,NaN,NaN
2022,10,22,12,0,0,14.389,87.54,1.4896,98.702,0,0,0,0,0,0,NaN,NaN,NaN,NaN
