model forecast and observations from station:mtic1
station latitude:34.4614
station longitude:-119.649
model latitude:34.4572
model longitude:-119.6543
model, , , , , , , , , ,obs, , , , , , , , ,
year,month,day,hour,min,sec,model temperature,model rel hum,model wind speed,model wind direction,year,month,day,hour,min,sec,obs temperature,obs rel hum,obs wind speed,obs wind direction
yyyy,mm,dd,hh,mm,ss,deg C,%,m/s,deg N,yyyy,mm,dd,hh,mm,ss,deg C,%,m/s,deg N
2022,8,16,0,0,0,26.228,53.786,2.2514,235.22,2022,8,16,0,0,0,NaN,NaN,NaN,NaN
2022,8,16,1,0,0,26.666,54.531,1.3413,232.84,2022,8,16,0,47,0,27.222,43,0.895,209
2022,8,16,2,0,0,24.498,62.899,0.85328,226.3,2022,8,16,1,47,0,26.667,43,0,NaN
2022,8,16,3,0,0,24.029,59.069,0.72887,260.38,2022,8,16,2,47,0,24.444,48,0,NaN
2022,8,16,4,0,0,24.442,55.114,0.25854,280.29,2022,8,16,3,47,0,23.333,50,1.343,24
2022,8,16,5,0,0,23.48,58.456,0.29228,159.7,2022,8,16,4,47,0,24.444,44,2.233,97
2022,8,16,6,0,0,21.912,62.113,1.0151,110.33,2022,8,16,5,47,0,24.444,40,1.79,50
2022,8,16,7,0,0,22.58,61.046,1.2465,92.259,2022,8,16,6,47,0,24.444,40,1.79,79
2022,8,16,8,0,0,21.799,64.141,1.4129,87.693,2022,8,16,7,47,0,23.889,40,2.233,72
2022,8,16,9,0,0,21.445,63.976,1.9212,92.845,2022,8,16,8,47,0,22.778,41,0.448,47
2022,8,16,10,0,0,22.512,57.291,1.252,93.016,2022,8,16,9,47,0,22.222,44,0.895,11
2022,8,16,11,0,0,22.607,55.776,0.27854,90.96,2022,8,16,10,47,0,22.778,41,0.448,56
2022,8,16,12,0,0,22.26,56.372,0.15818,352.17,2022,8,16,11,47,0,24.444,33,2.233,97
2022,8,16,13,0,0,20.747,62.088,0.23143,39.604,2022,8,16,12,47,0,23.889,34,1.343,106
2022,8,16,14,0,0,21.052,62.637,0.23433,76.347,2022,8,16,13,47,0,23.889,32,1.343,91
2022,8,16,15,0,0,21.998,60.729,0.83208,123.19,2022,8,16,14,47,0,26.111,29,0,NaN
2022,8,16,16,0,0,22.722,63.042,1.0888,140.19,2022,8,16,15,47,0,26.667,33,0,NaN
2022,8,16,17,0,0,23.951,59.928,1.3051,159.87,2022,8,16,16,47,0,25,46,0.895,164
2022,8,16,18,0,0,25.39,54.5,1.4978,173.85,2022,8,16,17,47,0,25,48,1.343,186
2022,8,16,19,0,0,26.906,48.267,1.6719,181.94,2022,8,16,18,47,0,26.111,47,1.79,194
2022,8,16,20,0,0,27.973,43.953,1.7703,186.96,2022,8,16,19,47,0,28.333,40,2.68,192
2022,8,16,21,0,0,27.852,45.072,1.8,185.74,2022,8,16,20,47,0,28.889,38,2.233,180
2022,8,16,22,0,0,27.795,45.516,1.7119,197.74,2022,8,16,21,47,0,28.889,38,2.233,185
2022,8,16,23,0,0,26.94,48.318,1.6257,202.84,2022,8,16,22,47,0,29.444,37,1.343,186
2022,8,17,0,0,0,26.652,48.668,1.7031,224.74,2022,8,16,23,47,0,31.111,31,0.895,193
2022,8,17,1,0,0,25.519,53.034,1.1027,239.13,2022,8,17,0,47,0,29.444,31,0,NaN
2022,8,17,2,0,0,23.809,58.264,0.80914,247.75,2022,8,17,1,47,0,28.889,36,0.448,181
2022,8,17,3,0,0,22.962,57.638,0.46684,290.91,2022,8,17,2,47,0,27.778,29,0.448,291
2022,8,17,4,0,0,22.893,57.476,0.33172,280.84,2022,8,17,3,47,0,25.556,40,0.448,11
2022,8,17,5,0,0,22.098,62.302,0.28004,260.76,2022,8,17,4,47,0,25.556,36,0.895,110
2022,8,17,6,0,0,21.629,65.548,0.2781,199.96,2022,8,17,5,47,0,25.556,34,0.895,45
2022,8,17,7,0,0,21.372,66.484,0.50165,94.05,2022,8,17,6,47,0,26.667,24,0.448,13
2022,8,17,8,0,0,20.878,68.389,0.51004,103.11,2022,8,17,7,47,0,24.444,30,0,NaN
2022,8,17,9,0,0,21.919,59.96,0.60198,297.74,2022,8,17,8,47,0,23.333,36,0.448,2
2022,8,17,10,0,0,22.307,56.921,0.80656,289.82,2022,8,17,9,47,0,23.333,38,0.895,119
2022,8,17,11,0,0,21.44,59.564,0.92726,271.54,2022,8,17,10,47,0,23.889,31,0.895,46
2022,8,17,12,0,0,20.548,63.183,0.79154,272.34,2022,8,17,11,47,0,23.889,33,0,NaN
2022,8,17,13,0,0,20.456,62.504,0.6748,272.5,2022,8,17,12,47,0,23.889,30,0,NaN
2022,8,17,14,0,0,20.834,62.269,0.97916,269.43,2022,8,17,13,47,0,23.333,24,0.895,358
2022,8,17,15,0,0,21.543,61.912,0.69442,242.75,2022,8,17,14,47,0,25.556,29,0,NaN
2022,8,17,16,0,0,21.935,65.503,0.86428,202.03,2022,8,17,15,47,0,26.111,35,0,NaN
2022,8,17,17,0,0,23.192,61.519,1.095,190.65,2022,8,17,16,47,0,25,49,0.895,166
2022,8,17,18,0,0,24.737,56.898,1.3435,185.99,2022,8,17,17,47,0,24.444,51,1.79,187
2022,8,17,19,0,0,25.658,54.016,1.6233,186.55,2022,8,17,18,47,0,27.222,42,1.79,179
2022,8,17,20,0,0,26.801,49.688,1.742,196.08,2022,8,17,19,47,0,26.111,46,2.233,185
2022,8,17,21,0,0,27.158,48.413,1.8512,208.86,2022,8,17,20,47,0,27.222,43,2.233,185
2022,8,17,22,0,0,27.23,47.672,1.9375,216.47,2022,8,17,21,47,0,26.667,44,2.233,183
2022,8,17,23,0,0,26.953,46.969,1.8929,218.31,2022,8,17,22,47,0,27.778,42,1.343,201
2022,8,18,0,0,0,26.056,47.877,1.8266,229.42,2022,8,17,23,47,0,28.333,40,1.343,248
2022,8,18,1,0,0,24.277,54.729,1.2719,226.07,2022,8,18,0,47,0,27.778,41,0.895,240
2022,8,18,2,0,0,22.38,66.063,0.44565,224.8,2022,8,18,1,47,0,26.111,45,0,NaN
2022,8,18,3,0,0,21.705,62.609,0.42237,287.96,2022,8,18,2,47,0,23.889,46,0.448,194
2022,8,18,4,0,0,22.219,56.377,0.89703,279.95,2022,8,18,3,47,0,23.333,47,1.343,213
2022,8,18,5,0,0,22.746,50.369,0.90557,280.21,2022,8,18,4,47,0,22.222,51,0.895,165
2022,8,18,6,0,0,21.787,54.53,0.44653,272.64,2022,8,18,5,47,0,21.667,54,0.448,188
2022,8,18,7,0,0,20.129,60.868,0.79198,100.89,2022,8,18,6,47,0,23.333,43,0,NaN
2022,8,18,8,0,0,18.097,73.796,1.4897,94.785,2022,8,18,7,47,0,21.667,51,0.895,117
2022,8,18,9,0,0,18.169,75.467,1.8421,96.203,2022,8,18,8,47,0,21.667,49,3.128,83
2022,8,18,10,0,0,17.287,83.364,1.6178,100.78,2022,8,18,9,47,0,21.667,46,2.68,76
2022,8,18,11,0,0,16.592,84.862,1.9625,105.09,2022,8,18,10,47,0,21.111,48,3.128,93
2022,8,18,12,0,0,16.61,85.041,1.3553,101.87,2022,8,18,11,47,0,21.111,44,0.895,11
2022,8,18,13,0,0,17.12,80.838,1.1669,98.784,2022,8,18,12,47,0,21.667,41,0.448,352
2022,8,18,14,0,0,18.457,75.002,0.76589,101.91,2022,8,18,13,47,0,21.667,43,0.448,206
2022,8,18,15,0,0,19.341,69.781,0.87569,122.51,2022,8,18,14,47,0,23.889,38,0,NaN
2022,8,18,16,0,0,20.222,67.865,0.92112,152.5,2022,8,18,15,47,0,25.556,39,0.448,121
2022,8,18,17,0,0,22.191,58.243,1.2033,170.7,2022,8,18,16,47,0,25,45,0.448,192
2022,8,18,18,0,0,23.146,54.806,1.381,182.67,2022,8,18,17,47,0,24.444,48,1.79,195
2022,8,18,19,0,0,23.899,52.279,1.4471,186.53,2022,8,18,18,47,0,25.556,44,2.233,200
2022,8,18,20,0,0,24.557,50.933,1.6714,198.25,0,0,0,0,0,0,NaN,NaN,NaN,NaN
2022,8,18,21,0,0,24.533,52.161,1.7113,200.4,2022,8,18,20,47,0,25,47,1.343,187
2022,8,18,22,0,0,24.138,51.674,1.6139,199.38,2022,8,18,21,47,0,23.889,52,2.233,186
2022,8,18,23,0,0,23.564,53.245,1.1812,208.2,2022,8,18,22,47,0,23.889,52,1.79,188
2022,8,19,0,0,0,22.01,59.68,1.2973,172.91,2022,8,18,23,47,0,23.889,52,1.79,200
2022,8,19,1,0,0,19.799,72.172,1.1004,135.73,0,0,0,0,0,0,NaN,NaN,NaN,NaN
2022,8,19,2,0,0,19.785,70.178,0.6714,84.682,0,0,0,0,0,0,NaN,NaN,NaN,NaN
2022,8,19,3,0,0,20.71,60.84,0.28247,58.072,0,0,0,0,0,0,NaN,NaN,NaN,NaN
2022,8,19,4,0,0,22.346,50.405,0.3225,343.35,0,0,0,0,0,0,NaN,NaN,NaN,NaN
2022,8,19,5,0,0,22.556,49.209,0.41502,307.32,0,0,0,0,0,0,NaN,NaN,NaN,NaN
2022,8,19,6,0,0,22.442,47.965,0.16977,49.293,0,0,0,0,0,0,NaN,NaN,NaN,NaN
2022,8,19,7,0,0,22.857,45.542,0.36318,338.93,0,0,0,0,0,0,NaN,NaN,NaN,NaN
2022,8,19,8,0,0,23.075,44.306,0.58466,317.14,0,0,0,0,0,0,NaN,NaN,NaN,NaN
2022,8,19,9,0,0,23.463,42.329,1.5355,43.839,0,0,0,0,0,0,NaN,NaN,NaN,NaN
2022,8,19,10,0,0,23.154,43.333,1.7171,65.163,0,0,0,0,0,0,NaN,NaN,NaN,NaN
2022,8,19,11,0,0,21.131,51.974,2.0873,81.899,0,0,0,0,0,0,NaN,NaN,NaN,NaN
2022,8,19,12,0,0,19.837,56.694,2.2562,84.905,0,0,0,0,0,0,NaN,NaN,NaN,NaN
