model forecast and observations from station:mtic1
station latitude:34.4614
station longitude:-119.649
model latitude:34.4572
model longitude:-119.6543
model, , , , , , , , , ,obs, , , , , , , , ,
year,month,day,hour,min,sec,model temperature,model rel hum,model wind speed,model wind direction,year,month,day,hour,min,sec,obs temperature,obs rel hum,obs wind speed,obs wind direction
yyyy,mm,dd,hh,mm,ss,deg C,%,m/s,deg N,yyyy,mm,dd,hh,mm,ss,deg C,%,m/s,deg N
2022,6,12,0,0,0,22.763,63.717,1.6518,249.15,2022,6,12,0,0,0,NaN,NaN,NaN,NaN
2022,6,12,1,0,0,21.334,71.661,1.3474,216.09,2022,6,12,0,47,0,25.556,54,0.448,226
2022,6,12,2,0,0,19.411,81.487,0.58277,218.76,2022,6,12,1,47,0,25.556,53,0,NaN
2022,6,12,3,0,0,18.622,85.902,0.16488,224.42,2022,6,12,2,47,0,22.778,61,0,NaN
2022,6,12,4,0,0,18.253,89.178,0.44878,91.583,2022,6,12,3,47,0,23.333,50,0,NaN
2022,6,12,5,0,0,17.649,90.914,0.59772,110.79,2022,6,12,4,47,0,22.222,56,0.448,151
2022,6,12,6,0,0,17.881,86.616,0.55747,99.741,2022,6,12,5,47,0,20,70,0.448,66
2022,6,12,7,0,0,18.996,76.94,0.94585,96.932,2022,6,12,6,47,0,20.556,64,2.233,78
2022,6,12,8,0,0,19.559,72.798,1.3199,89.025,2022,6,12,7,47,0,21.111,56,0,NaN
2022,6,12,9,0,0,19.799,65.84,1.5703,83.607,2022,6,12,8,47,0,21.111,56,0,NaN
2022,6,12,10,0,0,18.506,71.816,1.7971,87.796,2022,6,12,9,47,0,18.333,72,0.895,132
2022,6,12,11,0,0,17.048,84.366,1.6517,98.558,2022,6,12,10,47,0,18.333,70,0.895,233
2022,6,12,12,0,0,15.972,94.734,1.3015,94.709,2022,6,12,11,47,0,18.333,70,0.448,33
2022,6,12,13,0,0,16.169,91.878,1.7489,96.946,2022,6,12,12,47,0,19.444,55,0,NaN
2022,6,12,14,0,0,17.936,83.025,0.94252,105.94,2022,6,12,13,47,0,18.889,63,0,NaN
2022,6,12,15,0,0,19.107,82.561,0.64131,162.93,2022,6,12,14,47,0,21.667,57,0,NaN
2022,6,12,16,0,0,20.461,77.388,1.0958,187.87,2022,6,12,15,47,0,22.778,59,0,NaN
2022,6,12,17,0,0,20.99,75.064,1.4853,213.94,2022,6,12,16,47,0,22.778,61,0.448,151
2022,6,12,18,0,0,21.728,69.282,1.6194,210.34,2022,6,12,17,47,0,21.111,68,1.343,175
2022,6,12,19,0,0,22.545,64.854,1.7923,212.4,2022,6,12,18,47,0,20.556,72,2.233,185
2022,6,12,20,0,0,22.069,69.27,1.8851,214.4,2022,6,12,19,47,0,20.556,69,2.233,184
2022,6,12,21,0,0,21.961,70.273,1.7835,204.3,2022,6,12,20,47,0,20,70,2.233,193
2022,6,12,22,0,0,21.204,75.234,1.4728,175.1,2022,6,12,21,47,0,20,68,2.68,187
2022,6,12,23,0,0,21.686,74.435,1.2518,169.43,2022,6,12,22,47,0,20.556,67,2.233,186
2022,6,13,0,0,0,23.805,62.431,1.141,213.3,2022,6,12,23,47,0,20.556,67,1.79,190
2022,6,13,1,0,0,25.47,52.592,1.9711,294.05,2022,6,13,0,47,0,22.222,62,0.895,218
2022,6,13,2,0,0,27.376,42.761,4.2486,324.63,2022,6,13,1,47,0,22.778,60,0.895,196
2022,6,13,3,0,0,27.13,43.298,6.2903,330.83,2022,6,13,2,47,0,20.556,66,2.233,239
2022,6,13,4,0,0,26.882,43.14,6.385,333.39,2022,6,13,3,47,0,23.333,58,6.261,304
2022,6,13,5,0,0,26.875,40.451,5.7581,331.25,2022,6,13,4,47,0,23.333,60,4.023,340
2022,6,13,6,0,0,26.398,39.465,5.3245,329.9,2022,6,13,5,47,0,22.778,61,5.813,324
2022,6,13,7,0,0,23.442,46.646,3.1311,323.32,2022,6,13,6,47,0,18.889,77,2.233,183
2022,6,13,8,0,0,20.947,57.461,1.7645,315.87,2022,6,13,7,47,0,19.444,75,2.233,246
2022,6,13,9,0,0,20.38,53.184,2.7632,325.93,2022,6,13,8,47,0,16.667,86,2.233,235
2022,6,13,10,0,0,21.882,56.183,4.3637,14.13,2022,6,13,9,47,0,16.111,86,1.343,211
2022,6,13,11,0,0,21.837,51.999,4.9012,23.388,2022,6,13,10,47,0,15.556,91,0.448,350
2022,6,13,12,0,0,18.189,69.591,2.3808,6.1429,2022,6,13,11,47,0,14.444,95,0.448,294
2022,6,13,13,0,0,17.399,79.564,0.75007,300.88,2022,6,13,12,47,0,13.889,99,0.895,313
2022,6,13,14,0,0,17.711,88.706,0.78474,236.97,2022,6,13,13,47,0,13.889,100,0.448,116
2022,6,13,15,0,0,17.888,94.56,1.4567,218.51,2022,6,13,14,47,0,15,100,0.448,334
2022,6,13,16,0,0,18.715,87.627,1.9165,225.77,2022,6,13,15,47,0,17.222,86,2.233,187
2022,6,13,17,0,0,19.698,79.593,2.0295,215.12,2022,6,13,16,47,0,17.778,84,2.68,197
2022,6,13,18,0,0,20.954,72.767,1.933,201.38,2022,6,13,17,47,0,17.222,89,2.233,183
2022,6,13,19,0,0,21.724,68.184,1.9897,191.15,2022,6,13,18,47,0,18.889,82,2.68,205
2022,6,13,20,0,0,22.963,62.895,2.0155,178.11,2022,6,13,19,47,0,21.111,69,2.233,208
2022,6,13,21,0,0,24.35,61.296,1.7035,170.61,2022,6,13,20,47,0,22.222,63,3.128,206
2022,6,13,22,0,0,26.909,42.558,1.0212,173.6,2022,6,13,21,47,0,22.222,63,3.128,200
2022,6,13,23,0,0,31.246,16.297,3.0301,15.121,2022,6,13,22,47,0,22.778,60,3.575,190
2022,6,14,0,0,0,30.531,14.316,5.1059,7.1426,2022,6,13,23,47,0,23.333,61,1.79,237
2022,6,14,1,0,0,29.146,15.804,5.7521,5.7898,2022,6,14,0,47,0,22.222,62,2.233,201
2022,6,14,2,0,0,27.18,17.328,4.5312,358.8,2022,6,14,1,47,0,23.889,48,1.343,325
2022,6,14,3,0,0,25.982,12.466,9.1035,24.571,2022,6,14,2,47,0,24.444,25,4.023,303
2022,6,14,4,0,0,24.914,10.938,10.955,20.189,2022,6,14,3,47,0,23.333,22,3.575,338
2022,6,14,5,0,0,24.185,12.034,10.908,18.213,2022,6,14,4,47,0,22.222,22,8.493,7
2022,6,14,6,0,0,23.398,11.146,11.561,18.731,2022,6,14,5,47,0,22.778,19,13.412,14
2022,6,14,7,0,0,22.475,9.7742,11.715,21.439,2022,6,14,6,47,0,22.222,16,16.092,21
2022,6,14,8,0,0,21.448,9.6845,11.161,22.596,2022,6,14,7,47,0,22.222,16,12.964,2
2022,6,14,9,0,0,20.325,15.013,11.33,21.271,2022,6,14,8,47,0,21.667,16,16.987,23
2022,6,14,10,0,0,20.122,14.337,11.813,21.024,2022,6,14,9,47,0,21.111,16,9.389,12
2022,6,14,11,0,0,20.114,15.238,11.341,22.176,2022,6,14,10,47,0,17.778,33,5.366,113
2022,6,14,12,0,0,20.306,16.696,10.914,21.207,2022,6,14,11,47,0,15,65,1.79,35
2022,6,14,13,0,0,20.62,17.423,10.511,21.625,2022,6,14,12,47,0,16.111,48,1.79,183
2022,6,14,14,0,0,22.507,12.41,9.1726,22.654,2022,6,14,13,47,0,17.778,38,2.233,84
2022,6,14,15,0,0,24.784,12.238,5.671,21.51,2022,6,14,14,47,0,15,94,1.343,173
2022,6,14,16,0,0,22.503,35.98,0.76599,73.359,2022,6,14,15,47,0,16.111,89,1.79,192
2022,6,14,17,0,0,21.846,56.73,1.5544,192.62,2022,6,14,16,47,0,17.222,84,2.233,184
2022,6,14,18,0,0,22.09,64.96,1.6591,196.99,2022,6,14,17,47,0,18.889,74,3.128,188
2022,6,14,19,0,0,23.77,53.507,1.805,187.92,2022,6,14,18,47,0,21.111,66,3.128,182
2022,6,14,20,0,0,24.828,47.821,1.9171,176.76,2022,6,14,19,47,0,22.222,59,2.68,203
2022,6,14,21,0,0,25.521,46.026,1.9215,176.44,2022,6,14,20,47,0,22.778,61,3.128,205
2022,6,14,22,0,0,25.864,47.399,1.4979,189.74,2022,6,14,21,47,0,23.333,58,3.575,205
2022,6,14,23,0,0,28.494,31.746,1.2785,217.32,2022,6,14,22,47,0,22.778,60,2.233,192
2022,6,15,0,0,0,29.637,19.368,0.48006,301.38,2022,6,14,23,47,0,22.222,60,2.68,202
2022,6,15,1,0,0,30.643,14.381,1.2283,328.46,0,0,0,0,0,0,NaN,NaN,NaN,NaN
2022,6,15,2,0,0,29.641,10.335,2.5633,354.24,0,0,0,0,0,0,NaN,NaN,NaN,NaN
2022,6,15,3,0,0,24.767,16.582,1.6587,4.6977,0,0,0,0,0,0,NaN,NaN,NaN,NaN
2022,6,15,4,0,0,27.018,11.485,7.5869,12.547,0,0,0,0,0,0,NaN,NaN,NaN,NaN
2022,6,15,5,0,0,26.749,10.641,10.156,15.363,0,0,0,0,0,0,NaN,NaN,NaN,NaN
2022,6,15,6,0,0,25.918,9.8306,10.74,15.664,0,0,0,0,0,0,NaN,NaN,NaN,NaN
2022,6,15,7,0,0,24.969,9.4,10.908,18.125,0,0,0,0,0,0,NaN,NaN,NaN,NaN
2022,6,15,8,0,0,24.222,8.2937,12.546,22.013,0,0,0,0,0,0,NaN,NaN,NaN,NaN
2022,6,15,9,0,0,23.389,8.9327,11.819,20.75,0,0,0,0,0,0,NaN,NaN,NaN,NaN
2022,6,15,10,0,0,22.567,11.747,12.318,21.714,0,0,0,0,0,0,NaN,NaN,NaN,NaN
2022,6,15,11,0,0,22.819,11.578,12.332,21.206,0,0,0,0,0,0,NaN,NaN,NaN,NaN
2022,6,15,12,0,0,22.932,13.167,11.759,19.674,0,0,0,0,0,0,NaN,NaN,NaN,NaN
