model forecast and observations from station:mtic1
station latitude:34.4614
station longitude:-119.649
model latitude:34.4572
model longitude:-119.6543
model, , , , , , , , , ,obs, , , , , , , , ,
year,month,day,hour,min,sec,model temperature,model rel hum,model wind speed,model wind direction,year,month,day,hour,min,sec,obs temperature,obs rel hum,obs wind speed,obs wind direction
yyyy,mm,dd,hh,mm,ss,deg C,%,m/s,deg N,yyyy,mm,dd,hh,mm,ss,deg C,%,m/s,deg N
2022,12,9,0,0,0,11.613,80.654,1.8536,252.24,2022,12,9,0,0,0,NaN,NaN,NaN,NaN
2022,12,9,1,0,0,10.568,89.644,1.1915,256.2,2022,12,9,0,47,0,9.444,85,1.343,192
2022,12,9,2,0,0,9.6566,92.429,1.0259,281.46,2022,12,9,1,47,0,8.889,88,0.448,196
2022,12,9,3,0,0,9.7711,84.815,1.434,295.47,2022,12,9,2,47,0,8.889,81,1.79,19
2022,12,9,4,0,0,10.299,76.672,1.8506,341.71,2022,12,9,3,47,0,9.444,73,4.023,352
2022,12,9,5,0,0,10.024,72.519,2.2045,345.91,2022,12,9,4,47,0,8.889,75,7.598,8
2022,12,9,6,0,0,9.7717,76.23,2.3005,352.04,2022,12,9,5,47,0,8.333,80,12.516,12
2022,12,9,7,0,0,9.464,72.477,2.3894,344.05,2022,12,9,6,47,0,8.889,70,8.493,350
2022,12,9,8,0,0,9.4159,68.346,2.0964,346.95,2022,12,9,7,47,0,9.444,59,6.261,353
2022,12,9,9,0,0,10.039,62.262,3.6639,352.31,2022,12,9,8,47,0,10,50,8.046,359
2022,12,9,10,0,0,10.356,53.615,4.55,13.266,2022,12,9,9,47,0,9.444,48,8.493,0
2022,12,9,11,0,0,10.109,50.761,3.291,11.004,2022,12,9,10,47,0,10,42,3.575,339
2022,12,9,12,0,0,11.22,41.109,1.811,3.8424,2022,12,9,11,47,0,8.889,52,0.448,161
2022,12,9,13,0,0,10.481,47.968,1.3484,333.76,2022,12,9,12,47,0,8.333,64,0.895,116
2022,12,9,14,0,0,9.7111,55.333,0.83264,347.71,2022,12,9,13,47,0,8.889,54,1.343,176
2022,12,9,15,0,0,9.0188,62.668,0.043845,29.358,2022,12,9,14,47,0,9.444,49,1.343,111
2022,12,9,16,0,0,10.196,64.796,0.32513,186.64,2022,12,9,15,47,0,10,51,0.448,319
2022,12,9,17,0,0,10.877,64.791,0.82345,126.17,2022,12,9,16,47,0,11.111,65,0.895,118
2022,12,9,18,0,0,11.876,63.701,0.99197,161.3,2022,12,9,17,47,0,12.778,61,0.895,174
2022,12,9,19,0,0,12.529,63.974,1.2434,186.43,2022,12,9,18,47,0,14.444,65,1.79,214
2022,12,9,20,0,0,13.042,63.813,1.466,201.56,2022,12,9,19,47,0,13.889,67,2.233,207
2022,12,9,21,0,0,13.182,65.01,1.6993,214.89,2022,12,9,20,47,0,14.444,66,2.68,200
2022,12,9,22,0,0,13.15,64.933,1.7422,217.58,2022,12,9,21,47,0,15,64,2.68,196
2022,12,9,23,0,0,12.828,71.634,1.3783,217.47,2022,12,9,22,47,0,15,62,2.68,193
2022,12,10,0,0,0,12.324,70.655,0.99475,210.37,2022,12,9,23,47,0,13.333,70,1.343,156
2022,12,10,1,0,0,10.755,79.881,0.67794,313.13,2022,12,10,0,47,0,11.667,78,0.895,161
2022,12,10,2,0,0,11.16,67.793,0.80496,302.14,2022,12,10,1,47,0,11.111,80,0.448,359
2022,12,10,3,0,0,10.826,67.626,1.5173,298.35,2022,12,10,2,47,0,10.556,79,0.895,140
2022,12,10,4,0,0,10.613,65.223,1.5633,298.06,2022,12,10,3,47,0,10,79,1.79,40
2022,12,10,5,0,0,9.9285,70.386,0.61669,269.01,2022,12,10,4,47,0,10,82,0.895,224
2022,12,10,6,0,0,9.8713,68.411,1.2958,327.83,2022,12,10,5,47,0,10,84,0.895,314
2022,12,10,7,0,0,9.62,70.393,1.1888,354.92,2022,12,10,6,47,0,9.444,84,1.343,348
2022,12,10,8,0,0,9.4347,74.936,1.528,39.966,2022,12,10,7,47,0,10,80,1.343,74
2022,12,10,9,0,0,9.4119,81.268,2.0983,52.835,2022,12,10,8,47,0,9.444,89,1.79,103
2022,12,10,10,0,0,9.5514,86.047,1.7852,61.146,2022,12,10,9,47,0,9.444,90,0.448,180
2022,12,10,11,0,0,9.6576,83.229,1.0194,107.36,2022,12,10,10,47,0,8.889,96,1.343,101
2022,12,10,12,0,0,8.8936,95.128,1.1885,46.618,2022,12,10,11,47,0,9.444,86,1.343,26
2022,12,10,13,0,0,8.9136,94.863,1.092,104.19,2022,12,10,12,47,0,8.889,98,0.895,86
2022,12,10,14,0,0,8.8075,98.497,1.2522,106.52,2022,12,10,13,47,0,8.889,98,0,NaN
2022,12,10,15,0,0,8.3126,96.079,1.6301,81.222,2022,12,10,14,47,0,8.889,100,0.448,37
2022,12,10,16,0,0,9.6352,91.94,1.742,94.042,2022,12,10,15,47,0,10,100,0.895,92
2022,12,10,17,0,0,10.522,81.303,1.9753,74.305,2022,12,10,16,47,0,10,100,0.895,167
2022,12,10,18,0,0,11.152,78.976,3.0101,101.38,2022,12,10,17,47,0,9.444,100,3.575,81
2022,12,10,19,0,0,11.716,69.891,3.0588,142.91,2022,12,10,18,47,0,10.556,100,1.79,183
2022,12,10,20,0,0,10.224,92.476,3.5586,134.09,2022,12,10,19,47,0,10.556,100,0.895,159
2022,12,10,21,0,0,10.063,97.006,3.4323,142.64,2022,12,10,20,47,0,10.556,100,0.895,186
2022,12,10,22,0,0,9.6676,95.536,3.5393,112.43,2022,12,10,21,47,0,10.556,100,1.343,140
2022,12,10,23,0,0,9.9906,99.097,3.801,140.31,2022,12,10,22,47,0,10.556,100,2.233,168
2022,12,11,0,0,0,9.6159,99.223,3.7691,118.39,2022,12,10,23,47,0,10.556,100,1.79,220
2022,12,11,1,0,0,9.1058,99.371,3.9681,121.07,2022,12,11,0,47,0,10.556,100,4.918,170
2022,12,11,2,0,0,9.7059,99.83,5.0861,119.32,2022,12,11,1,47,0,10.556,100,3.575,189
2022,12,11,3,0,0,10.299,99.9,1.1009,116.78,2022,12,11,2,47,0,10.556,100,5.813,175
2022,12,11,4,0,0,10.591,99.9,3.0516,139.08,2022,12,11,3,47,0,11.111,100,4.471,175
2022,12,11,5,0,0,10.639,99.9,3.537,153.21,2022,12,11,4,47,0,11.111,100,8.493,173
2022,12,11,6,0,0,10.975,99.9,4.2476,150.34,2022,12,11,5,47,0,11.111,100,8.046,172
2022,12,11,7,0,0,11.385,99.9,5.0678,162.3,2022,12,11,6,47,0,11.111,100,8.046,171
2022,12,11,8,0,0,11.183,99.9,5.5122,179.9,2022,12,11,7,47,0,11.667,100,8.941,168
2022,12,11,9,0,0,11.258,99.9,4.8453,184.79,2022,12,11,8,47,0,11.667,100,7.598,174
2022,12,11,10,0,0,11.55,99.9,6.0116,234,2022,12,11,9,47,0,11.111,100,7.151,198
2022,12,11,11,0,0,10.818,93.049,4.9979,284.41,2022,12,11,10,47,0,10,100,4.023,191
2022,12,11,12,0,0,10.845,82.552,4.6044,294.38,2022,12,11,11,47,0,10.556,100,4.918,189
2022,12,11,13,0,0,10.309,86.728,3.0053,294.77,2022,12,11,12,47,0,10,100,5.366,282
2022,12,11,14,0,0,9.8891,81.8,4.7974,277.92,2022,12,11,13,47,0,8.889,100,4.023,276
2022,12,11,15,0,0,9.8976,88.37,3.1506,290.13,2022,12,11,14,47,0,9.444,92,5.366,297
2022,12,11,16,0,0,9.9235,92.456,2.2991,271.07,2022,12,11,15,47,0,8.333,82,7.151,355
2022,12,11,17,0,0,10.263,86.613,3.3721,274.16,2022,12,11,16,47,0,8.889,69,6.261,335
2022,12,11,18,0,0,10.429,81.446,4.7996,276.19,2022,12,11,17,47,0,10,64,2.68,322
2022,12,11,19,0,0,11.07,68.435,3.7443,271.25,2022,12,11,18,47,0,10,59,4.471,357
2022,12,11,20,0,0,10.826,69.451,3.7319,263.18,2022,12,11,19,47,0,9.444,59,4.918,342
2022,12,11,21,0,0,10.59,61.746,5.2886,312.48,2022,12,11,20,47,0,10.556,54,7.598,279
2022,12,11,22,0,0,10.373,59.342,5.8112,326.93,2022,12,11,21,47,0,8.889,60,9.389,345
2022,12,11,23,0,0,10.133,57.875,5.564,325.67,2022,12,11,22,47,0,11.111,50,4.023,266
2022,12,12,0,0,0,9.0178,63.537,5.27,326.64,2022,12,11,23,47,0,8.889,57,5.813,344
2022,12,12,1,0,0,7.8853,64.807,6.4998,336.83,0,0,0,0,0,0,NaN,NaN,NaN,NaN
2022,12,12,2,0,0,7.3402,63.198,6.6445,340.29,0,0,0,0,0,0,NaN,NaN,NaN,NaN
2022,12,12,3,0,0,7.1477,60.969,6.8948,343.67,0,0,0,0,0,0,NaN,NaN,NaN,NaN
2022,12,12,4,0,0,7.085,60.423,6.2483,347.72,0,0,0,0,0,0,NaN,NaN,NaN,NaN
2022,12,12,5,0,0,7.0099,61.762,5.5753,340.14,0,0,0,0,0,0,NaN,NaN,NaN,NaN
2022,12,12,6,0,0,6.5509,69.634,4.1788,332.05,0,0,0,0,0,0,NaN,NaN,NaN,NaN
2022,12,12,7,0,0,6.3224,72.161,3.1255,323.44,0,0,0,0,0,0,NaN,NaN,NaN,NaN
2022,12,12,8,0,0,5.5946,78.818,2.368,304.16,0,0,0,0,0,0,NaN,NaN,NaN,NaN
2022,12,12,9,0,0,5.5038,81.791,2.0673,299.51,0,0,0,0,0,0,NaN,NaN,NaN,NaN
2022,12,12,10,0,0,5.8506,79.457,2.9016,314.96,0,0,0,0,0,0,NaN,NaN,NaN,NaN
2022,12,12,11,0,0,6.6656,81.29,3.0165,303.69,0,0,0,0,0,0,NaN,NaN,NaN,NaN
2022,12,12,12,0,0,6.7118,83.596,3.4625,322.94,0,0,0,0,0,0,NaN,NaN,NaN,NaN
