model forecast and observations from station:mtic1
station latitude:34.4614
station longitude:-119.649
model latitude:34.4572
model longitude:-119.6543
model, , , , , , , , , ,obs, , , , , , , , ,
year,month,day,hour,min,sec,model temperature,model rel hum,model wind speed,model wind direction,year,month,day,hour,min,sec,obs temperature,obs rel hum,obs wind speed,obs wind direction
yyyy,mm,dd,hh,mm,ss,deg C,%,m/s,deg N,yyyy,mm,dd,hh,mm,ss,deg C,%,m/s,deg N
2022,9,1,0,0,0,30.204,43.198,2.0665,245.76,2022,9,1,0,0,0,NaN,NaN,NaN,NaN
2022,9,1,1,0,0,31.865,41.373,1.8432,271.43,2022,9,1,0,47,0,36.111,25,1.79,249
2022,9,1,2,0,0,33.493,28.728,3.3898,326.61,2022,9,1,1,47,0,36.667,13,5.813,336
2022,9,1,3,0,0,35.209,25.434,5.1561,351.59,2022,9,1,2,47,0,35.556,13,4.918,326
2022,9,1,4,0,0,37.166,17.149,7.0327,19.673,2022,9,1,3,47,0,35,18,8.941,12
2022,9,1,5,0,0,36.264,15.682,6.9761,18.929,2022,9,1,4,47,0,35.556,14,13.859,15
2022,9,1,6,0,0,36.651,13.743,7.3521,20.381,2022,9,1,5,47,0,35.556,11,15.644,16
2022,9,1,7,0,0,36.137,14.952,8.2559,22.784,2022,9,1,6,47,0,36.111,10,16.539,14
2022,9,1,8,0,0,33.935,24.761,8.7881,20.035,2022,9,1,7,47,0,35.556,11,15.202,9
2022,9,1,9,0,0,33.979,24.476,8.7321,19.551,2022,9,1,8,47,0,36.111,11,9.389,2
2022,9,1,10,0,0,35.158,20.754,7.6835,18.684,2022,9,1,9,47,0,34.444,14,3.128,1
2022,9,1,11,0,0,35.473,19.083,6.8571,23.529,2022,9,1,10,47,0,32.778,16,0.448,158
2022,9,1,12,0,0,35.482,17.49,5.8423,22.137,2022,9,1,11,47,0,35,13,1.343,349
2022,9,1,13,0,0,34.79,16.65,4.4106,14.975,2022,9,1,12,47,0,35,13,0.895,309
2022,9,1,14,0,0,33.733,16.838,3.0085,9.2814,2022,9,1,13,47,0,35,13,2.68,350
2022,9,1,15,0,0,37.734,13.765,1.9133,359.81,2022,9,1,14,47,0,35.556,13,2.233,354
2022,9,1,16,0,0,36.817,18.299,1.3048,245.8,2022,9,1,15,47,0,37.222,12,1.79,161
2022,9,1,17,0,0,35.18,24.595,1.7777,231.26,2022,9,1,16,47,0,37.222,16,1.343,150
2022,9,1,18,0,0,35.765,25.555,1.5897,218.12,2022,9,1,17,47,0,40,15,0.895,189
2022,9,1,19,0,0,36.279,25.485,1.4361,195.31,2022,9,1,18,47,0,38.333,19,1.343,178
2022,9,1,20,0,0,36.411,25.628,1.6721,174.68,2022,9,1,19,47,0,35,30,2.233,183
2022,9,1,21,0,0,35.563,29.273,1.5966,204.27,2022,9,1,20,47,0,36.111,27,1.79,174
2022,9,1,22,0,0,34.472,32.984,1.3849,200.95,2022,9,1,21,47,0,37.222,27,0.895,193
2022,9,1,23,0,0,33.8,33.266,1.4146,209.8,2022,9,1,22,47,0,34.444,32,1.343,180
2022,9,2,0,0,0,34.126,33.274,1.2088,245.67,2022,9,1,23,47,0,34.444,31,1.343,196
2022,9,2,1,0,0,35.893,23.706,2.5406,301.43,2022,9,2,0,47,0,33.333,31,0.895,308
2022,9,2,2,0,0,36.924,18.11,4.8078,333.28,2022,9,2,1,47,0,34.444,21,4.471,350
2022,9,2,3,0,0,37.03,17.323,5.1937,349.57,2022,9,2,2,47,0,36.667,15,9.836,347
2022,9,2,4,0,0,37.377,15.619,5.9146,12.337,2022,9,2,3,47,0,34.444,18,5.813,8
2022,9,2,5,0,0,37.763,14.48,6.7361,17.283,2022,9,2,4,47,0,36.111,13,5.813,10
2022,9,2,6,0,0,37.601,13.43,6.7081,18.083,2022,9,2,5,47,0,28.889,27,1.79,354
2022,9,2,7,0,0,36.118,15.066,5.9499,19.97,2022,9,2,6,47,0,27.222,33,2.68,76
2022,9,2,8,0,0,31.856,22.018,3.7634,28.093,2022,9,2,7,47,0,28.333,28,1.79,116
2022,9,2,9,0,0,27.205,36.548,2.3993,82.88,2022,9,2,8,47,0,28.889,26,0.895,56
2022,9,2,10,0,0,23.919,55.753,2.7132,97.508,2022,9,2,9,47,0,26.667,32,0.895,351
2022,9,2,11,0,0,22.678,69.165,2.1639,98.851,2022,9,2,10,47,0,27.778,29,1.79,118
2022,9,2,12,0,0,21.885,79.862,0.89739,104.75,2022,9,2,11,47,0,23.333,52,0.895,342
2022,9,2,13,0,0,20.802,87.433,1.1451,98.06,2022,9,2,12,47,0,23.333,47,0.448,66
2022,9,2,14,0,0,22.443,73.455,1.0523,90.279,2022,9,2,13,47,0,26.111,37,0.448,344
2022,9,2,15,0,0,25.43,61.458,0.25415,106.02,2022,9,2,14,47,0,29.444,29,1.343,103
2022,9,2,16,0,0,27.296,57.679,0.90019,121.04,2022,9,2,15,47,0,31.111,30,0,NaN
2022,9,2,17,0,0,28.709,53.423,1.1084,153.33,2022,9,2,16,47,0,31.667,36,0.448,249
2022,9,2,18,0,0,27.894,59.537,1.5643,172,2022,9,2,17,47,0,30.556,45,1.79,195
2022,9,2,19,0,0,27.512,60.326,1.6408,170.29,2022,9,2,18,47,0,31.111,45,2.233,192
2022,9,2,20,0,0,28.02,56.898,1.85,177.73,2022,9,2,19,47,0,31.667,41,2.68,193
2022,9,2,21,0,0,28.262,56.086,1.7947,172.01,2022,9,2,20,47,0,31.111,44,2.233,197
2022,9,2,22,0,0,28.514,54.787,1.6681,174.21,2022,9,2,21,47,0,31.111,41,2.68,192
2022,9,2,23,0,0,28.51,54.333,1.454,179.64,2022,9,2,22,47,0,31.667,39,3.128,196
2022,9,3,0,0,0,27.735,56.344,1.2097,179.33,2022,9,2,23,47,0,31.667,38,2.233,201
2022,9,3,1,0,0,26.708,59.387,0.70591,173.22,2022,9,3,0,47,0,31.111,39,1.343,207
2022,9,3,2,0,0,24.455,69.558,0.45047,277.59,2022,9,3,1,47,0,29.444,44,1.343,180
2022,9,3,3,0,0,25.232,61.362,0.81339,284.65,2022,9,3,2,47,0,26.667,51,2.233,98
2022,9,3,4,0,0,25.8,55.387,0.88988,293.86,2022,9,3,3,47,0,27.778,41,3.128,95
2022,9,3,5,0,0,26.602,49.68,0.94403,315.95,2022,9,3,4,47,0,28.889,35,2.233,72
2022,9,3,6,0,0,26.878,48.321,0.44007,7.085,2022,9,3,5,47,0,29.444,34,1.343,55
2022,9,3,7,0,0,27.286,44.905,0.59472,10.788,2022,9,3,6,47,0,28.889,36,1.79,75
2022,9,3,8,0,0,27.017,44.888,1.182,292.5,2022,9,3,7,47,0,28.889,35,0.895,14
2022,9,3,9,0,0,25.724,51.651,1.3152,269.02,2022,9,3,8,47,0,23.333,58,1.343,42
2022,9,3,10,0,0,25.554,52.749,0.73009,275.59,2022,9,3,9,47,0,26.111,45,1.343,74
2022,9,3,11,0,0,25.026,56.36,0.91699,281.01,2022,9,3,10,47,0,26.111,43,1.343,360
2022,9,3,12,0,0,23.86,61.113,0.47954,95.436,2022,9,3,11,47,0,28.889,33,0.895,68
2022,9,3,13,0,0,23.595,61.75,0.94544,86.251,2022,9,3,12,47,0,28.889,32,0.448,22
2022,9,3,14,0,0,24.982,54.384,0.98476,82.975,2022,9,3,13,47,0,30.556,30,1.79,61
2022,9,3,15,0,0,26.694,51.306,0.38308,138.32,2022,9,3,14,47,0,32.778,22,1.79,49
2022,9,3,16,0,0,26.633,60.051,0.85693,199.64,2022,9,3,15,47,0,36.111,17,0.448,174
2022,9,3,17,0,0,28.633,51.074,1.0706,194.11,2022,9,3,16,47,0,34.444,27,1.343,172
2022,9,3,18,0,0,30.397,47.208,1.2477,191.1,2022,9,3,17,47,0,35,25,1.79,194
2022,9,3,19,0,0,31.623,43.537,1.7532,188.83,2022,9,3,18,47,0,36.667,27,3.128,203
2022,9,3,20,0,0,32.059,43.043,1.9553,184.6,2022,9,3,19,47,0,36.111,28,3.128,196
2022,9,3,21,0,0,31.822,43.5,1.8545,185.71,0,0,0,0,0,0,NaN,NaN,NaN,NaN
2022,9,3,22,0,0,31.548,45.21,1.7751,198.03,2022,9,3,21,47,0,33.333,33,2.233,185
2022,9,3,23,0,0,31.118,47.512,1.7688,217.24,2022,9,3,22,47,0,33.889,32,2.233,201
2022,9,4,0,0,0,30.503,49.269,1.5377,221.98,2022,9,3,23,47,0,34.444,26,2.233,208
2022,9,4,1,0,0,29.504,51.685,1.4306,235.12,0,0,0,0,0,0,NaN,NaN,NaN,NaN
2022,9,4,2,0,0,26.389,62.671,0.71523,260.94,0,0,0,0,0,0,NaN,NaN,NaN,NaN
2022,9,4,3,0,0,26.07,57.74,0.81046,278.4,0,0,0,0,0,0,NaN,NaN,NaN,NaN
2022,9,4,4,0,0,26.575,52.448,0.52634,284.31,0,0,0,0,0,0,NaN,NaN,NaN,NaN
2022,9,4,5,0,0,27.524,44.337,1.3508,276.46,0,0,0,0,0,0,NaN,NaN,NaN,NaN
2022,9,4,6,0,0,29.148,32.782,0.92397,53.411,0,0,0,0,0,0,NaN,NaN,NaN,NaN
2022,9,4,7,0,0,27.363,40.491,2.3231,94.153,0,0,0,0,0,0,NaN,NaN,NaN,NaN
2022,9,4,8,0,0,27.203,42.216,2.3245,87.883,0,0,0,0,0,0,NaN,NaN,NaN,NaN
2022,9,4,9,0,0,27.523,38.449,2.8456,88.482,0,0,0,0,0,0,NaN,NaN,NaN,NaN
2022,9,4,10,0,0,27.546,40.415,2.8127,93.882,0,0,0,0,0,0,NaN,NaN,NaN,NaN
2022,9,4,11,0,0,27.925,40.004,2.0638,90.18,0,0,0,0,0,0,NaN,NaN,NaN,NaN
2022,9,4,12,0,0,26.142,48.236,0.83479,78.09,0,0,0,0,0,0,NaN,NaN,NaN,NaN
