model forecast and observations from station:mtic1
station latitude:34.4614
station longitude:-119.649
model latitude:34.4572
model longitude:-119.6543
model, , , , , , , , , ,obs, , , , , , , , ,
year,month,day,hour,min,sec,model temperature,model rel hum,model wind speed,model wind direction,year,month,day,hour,min,sec,obs temperature,obs rel hum,obs wind speed,obs wind direction
yyyy,mm,dd,hh,mm,ss,deg C,%,m/s,deg N,yyyy,mm,dd,hh,mm,ss,deg C,%,m/s,deg N
2022,10,23,0,0,0,16.622,76.93,2.5696,246.49,2022,10,23,0,0,0,NaN,NaN,NaN,NaN
2022,10,23,1,0,0,15.344,87.178,1.6623,213.92,2022,10,23,0,47,0,15.556,83,1.343,167
2022,10,23,2,0,0,15.424,91.094,1.9691,275.51,2022,10,23,1,47,0,13.889,95,1.79,152
2022,10,23,3,0,0,14.394,81.535,3.2035,295.33,2022,10,23,2,47,0,13.889,75,5.813,335
2022,10,23,4,0,0,14.685,70.954,5.1579,326.53,2022,10,23,3,47,0,12.778,81,9.836,3
2022,10,23,5,0,0,13.538,77.758,3.9526,309.79,2022,10,23,4,47,0,12.222,80,12.516,1
2022,10,23,6,0,0,12.904,72.393,2.9766,312.23,2022,10,23,5,47,0,13.333,63,3.128,341
2022,10,23,7,0,0,13.418,68.374,4.0799,346.54,2022,10,23,6,47,0,13.889,58,11.621,357
2022,10,23,8,0,0,13.829,66.486,3.8056,356.6,2022,10,23,7,47,0,12.222,66,9.836,349
2022,10,23,9,0,0,14.887,55.843,8.0116,26.534,2022,10,23,8,47,0,11.667,76,2.68,199
2022,10,23,10,0,0,14.799,52.577,7.672,23.122,2022,10,23,9,47,0,12.778,69,3.128,351
2022,10,23,11,0,0,13.917,52.962,6.4002,32.724,2022,10,23,10,47,0,11.667,82,2.233,193
2022,10,23,12,0,0,13.62,51.73,5.7648,33.519,2022,10,23,11,47,0,12.222,83,3.128,54
2022,10,23,13,0,0,13.38,48.926,6.0076,25.449,2022,10,23,12,47,0,14.444,44,8.941,33
2022,10,23,14,0,0,13.122,44.879,7.2803,17.028,2022,10,23,13,47,0,13.333,44,14.307,16
2022,10,23,15,0,0,13.647,36.133,7.1261,19.262,2022,10,23,14,47,0,13.333,41,14.307,15
2022,10,23,16,0,0,15.651,29.74,5.5255,15.756,2022,10,23,15,47,0,13.889,35,9.836,10
2022,10,23,17,0,0,17.622,25.311,4.1021,18.155,2022,10,23,16,47,0,15.556,31,8.941,17
2022,10,23,18,0,0,18.79,27.937,2.0964,257.25,2022,10,23,17,47,0,18.333,42,3.575,192
2022,10,23,19,0,0,18.353,42.331,3.5977,241.76,2022,10,23,18,47,0,18.889,40,3.128,182
2022,10,23,20,0,0,19.136,32.469,2.7834,217.25,2022,10,23,19,47,0,17.778,38,2.68,177
2022,10,23,21,0,0,19.51,31.814,2.4341,211.69,2022,10,23,20,47,0,20.556,31,3.575,208
2022,10,23,22,0,0,19.651,31.285,2.4067,219.91,2022,10,23,21,47,0,20,33,3.128,201
2022,10,23,23,0,0,18.878,37.644,1.6468,188.57,2022,10,23,22,47,0,20,37,2.68,201
2022,10,24,0,0,0,19.823,23.364,1.1324,64.703,2022,10,23,23,47,0,18.889,39,2.68,189
2022,10,24,1,0,0,17.811,20.827,5.3825,17.799,2022,10,24,0,47,0,17.778,41,1.343,200
2022,10,24,2,0,0,16.934,19.766,7.0781,22.441,2022,10,24,1,47,0,16.667,24,8.941,16
2022,10,24,3,0,0,16.3,23.239,7.8496,18.371,2022,10,24,2,47,0,16.111,23,6.261,337
2022,10,24,4,0,0,15.773,24.171,7.4729,17.003,2022,10,24,3,47,0,16.111,21,15.202,18
2022,10,24,5,0,0,15.935,20.987,6.3615,27.749,2022,10,24,4,47,0,15,26,15.202,19
2022,10,24,6,0,0,16.15,19.59,5.2198,27.216,2022,10,24,5,47,0,15.556,23,16.539,16
2022,10,24,7,0,0,15.837,17.843,4.1281,13.493,2022,10,24,6,47,0,15,24,11.174,6
2022,10,24,8,0,0,15.378,19.725,5.711,24.946,2022,10,24,7,47,0,15,25,12.964,9
2022,10,24,9,0,0,15.06,20.401,5.6355,15.849,2022,10,24,8,47,0,15,24,9.389,12
2022,10,24,10,0,0,15.168,18.394,4.6767,12.274,2022,10,24,9,47,0,15.556,24,9.836,10
2022,10,24,11,0,0,14.788,17.617,3.706,8.2993,2022,10,24,10,47,0,15.556,24,9.836,6
2022,10,24,12,0,0,13.634,18.846,2.405,353.61,2022,10,24,11,47,0,15.556,22,4.918,8
2022,10,24,13,0,0,13.651,17.065,3.2473,0.77793,2022,10,24,12,47,0,15,24,6.261,354
2022,10,24,14,0,0,14.342,16.753,3.5234,358.3,2022,10,24,13,47,0,14.444,28,1.343,126
2022,10,24,15,0,0,15.682,16.934,2.6649,347.15,2022,10,24,14,47,0,15.556,23,0.895,340
2022,10,24,16,0,0,17.568,21.725,0.87147,188.79,2022,10,24,15,47,0,16.667,32,0.895,193
2022,10,24,17,0,0,17.873,25.878,1.4247,202.66,2022,10,24,16,47,0,17.778,34,2.233,193
2022,10,24,18,0,0,19.094,22.769,2.1233,233.28,2022,10,24,17,47,0,20.556,31,2.233,199
2022,10,24,19,0,0,19.414,26.917,3.17,242.59,2022,10,24,18,47,0,20.556,30,3.128,184
2022,10,24,20,0,0,19.637,32.774,3.2152,239.59,2022,10,24,19,47,0,21.667,28,4.023,194
2022,10,24,21,0,0,19.797,31.326,3.1376,233.17,2022,10,24,20,47,0,21.667,28,4.023,201
2022,10,24,22,0,0,19.901,28.129,3.0186,236.44,2022,10,24,21,47,0,23.333,22,4.471,209
2022,10,24,23,0,0,19.767,27.77,2.8647,249.27,2022,10,24,22,47,0,21.667,22,6.261,208
2022,10,25,0,0,0,19.126,32.423,2.6468,262.47,2022,10,24,23,47,0,20.556,21,4.918,209
2022,10,25,1,0,0,16.366,36.613,1.5162,290.19,2022,10,25,0,47,0,18.889,26,2.68,207
2022,10,25,2,0,0,18.036,23.046,4.1152,347.01,2022,10,25,1,47,0,16.111,27,0.895,205
2022,10,25,3,0,0,17.473,23.175,4.4852,342.92,2022,10,25,2,47,0,16.667,24,0.895,100
2022,10,25,4,0,0,17.269,21.413,3.7396,341.48,2022,10,25,3,47,0,16.667,27,2.233,25
2022,10,25,5,0,0,17.986,15.339,4.3826,20.04,2022,10,25,4,47,0,17.778,26,5.813,354
2022,10,25,6,0,0,17.897,13.968,3.8421,16.096,2022,10,25,5,47,0,17.778,20,1.343,351
2022,10,25,7,0,0,16.732,14.434,3.2348,6.5424,2022,10,25,6,47,0,18.333,17,3.128,349
2022,10,25,8,0,0,16.798,13.615,2.0786,8.3316,2022,10,25,7,47,0,17.778,19,3.575,349
2022,10,25,9,0,0,16.562,15.3,2.9277,9.7554,2022,10,25,8,47,0,17.222,20,0.448,230
2022,10,25,10,0,0,16.456,15.233,2.6352,12.366,2022,10,25,9,47,0,17.778,16,2.68,355
2022,10,25,11,0,0,16.552,17.501,2.8876,10.036,2022,10,25,10,47,0,17.778,13,1.343,323
2022,10,25,12,0,0,17.136,21.84,2.0898,10.102,2022,10,25,11,47,0,17.222,19,0.895,188
2022,10,25,13,0,0,16.561,29.339,1.1785,24.561,2022,10,25,12,47,0,16.667,20,1.343,138
2022,10,25,14,0,0,15.668,32.388,0.63978,43.131,2022,10,25,13,47,0,16.667,23,0.448,120
2022,10,25,15,0,0,17.017,32.031,0.34762,126.61,2022,10,25,14,47,0,16.667,23,0.895,86
2022,10,25,16,0,0,17.66,23.646,1.1128,120.74,2022,10,25,15,47,0,18.333,22,0.895,199
2022,10,25,17,0,0,18.999,20.436,1.3995,139.01,2022,10,25,16,47,0,19.444,32,1.343,172
2022,10,25,18,0,0,19.714,20.405,1.5916,148.8,2022,10,25,17,47,0,19.444,46,2.68,192
2022,10,25,19,0,0,20.317,20.301,1.8728,154.38,2022,10,25,18,47,0,20.556,31,3.128,187
2022,10,25,20,0,0,20.639,23.94,1.9932,156.41,2022,10,25,19,47,0,20.556,33,3.128,189
2022,10,25,21,0,0,20.727,26.655,1.866,159.31,2022,10,25,20,47,0,22.222,32,3.575,209
2022,10,25,22,0,0,20.348,30.499,1.5373,177.29,2022,10,25,21,47,0,21.667,34,3.575,196
2022,10,25,23,0,0,19.757,34.417,1.2839,188.12,2022,10,25,22,47,0,21.111,37,2.233,198
2022,10,26,0,0,0,18.273,40.39,0.84984,184.37,2022,10,25,23,47,0,21.111,38,1.343,222
2022,10,26,1,0,0,17.216,41.354,1.1857,301.02,0,0,0,0,0,0,NaN,NaN,NaN,NaN
2022,10,26,2,0,0,18.368,36.139,3.1341,333.21,0,0,0,0,0,0,NaN,NaN,NaN,NaN
2022,10,26,3,0,0,18.176,28.85,2.6229,9.7011,0,0,0,0,0,0,NaN,NaN,NaN,NaN
2022,10,26,4,0,0,20.067,18.291,5.9193,26.46,0,0,0,0,0,0,NaN,NaN,NaN,NaN
2022,10,26,5,0,0,19.569,19.199,5.1503,26.145,0,0,0,0,0,0,NaN,NaN,NaN,NaN
2022,10,26,6,0,0,18.31,31.909,3.443,21.109,0,0,0,0,0,0,NaN,NaN,NaN,NaN
2022,10,26,7,0,0,18.673,30.649,4.2619,22.476,0,0,0,0,0,0,NaN,NaN,NaN,NaN
2022,10,26,8,0,0,18.581,26.76,5.3083,24.692,0,0,0,0,0,0,NaN,NaN,NaN,NaN
2022,10,26,9,0,0,18.354,29.257,5.9632,25.555,0,0,0,0,0,0,NaN,NaN,NaN,NaN
2022,10,26,10,0,0,17.872,30.216,5.2269,26.189,0,0,0,0,0,0,NaN,NaN,NaN,NaN
2022,10,26,11,0,0,17.436,25.083,5.274,24.257,0,0,0,0,0,0,NaN,NaN,NaN,NaN
2022,10,26,12,0,0,16.724,43.282,6.5025,21.655,0,0,0,0,0,0,NaN,NaN,NaN,NaN
