model forecast and observations from station:mtic1
station latitude:34.4614
station longitude:-119.649
model latitude:34.4572
model longitude:-119.6543
model, , , , , , , , , ,obs, , , , , , , , ,
year,month,day,hour,min,sec,model temperature,model rel hum,model wind speed,model wind direction,year,month,day,hour,min,sec,obs temperature,obs rel hum,obs wind speed,obs wind direction
yyyy,mm,dd,hh,mm,ss,deg C,%,m/s,deg N,yyyy,mm,dd,hh,mm,ss,deg C,%,m/s,deg N
2022,4,22,0,0,0,14.609,79.465,2.9802,237.56,2022,4,22,0,0,0,NaN,NaN,NaN,NaN
2022,4,22,1,0,0,13.3,92.167,2.8395,197.32,2022,4,22,0,47,0,13.889,80,3.575,208
2022,4,22,2,0,0,12.665,95.076,2.4653,223.74,2022,4,22,1,47,0,12.222,90,1.79,226
2022,4,22,3,0,0,12.304,96.59,2.175,220.77,2022,4,22,2,47,0,11.667,95,1.343,190
2022,4,22,4,0,0,12.364,90.746,1.7167,265.3,2022,4,22,3,47,0,11.667,97,1.343,192
2022,4,22,5,0,0,11.447,95.854,2.9607,262.22,2022,4,22,4,47,0,10.556,99,0.895,200
2022,4,22,6,0,0,11.31,93.613,1.3935,241.29,2022,4,22,5,47,0,10,99,0.895,185
2022,4,22,7,0,0,11.225,98.171,4.1454,197.74,2022,4,22,6,47,0,9.444,99,1.79,227
2022,4,22,8,0,0,9.3924,86.077,6.5723,297.26,2022,4,22,7,47,0,8.889,86,6.703,342
2022,4,22,9,0,0,10.067,72.675,7.516,332.64,2022,4,22,8,47,0,10,78,8.493,352
2022,4,22,10,0,0,9.7146,69.578,7.988,336.41,2022,4,22,9,47,0,9.444,76,10.284,356
2022,4,22,11,0,0,9.7711,70.464,5.7854,339.35,2022,4,22,10,47,0,8.889,80,7.151,306
2022,4,22,12,0,0,9.1411,77.328,3.9796,319.57,2022,4,22,11,47,0,8.889,78,2.68,253
2022,4,22,13,0,0,9.2663,70.77,4.4766,322.93,2022,4,22,12,47,0,9.444,66,5.366,303
2022,4,22,14,0,0,9.6121,70.493,3.6698,318.17,2022,4,22,13,47,0,8.889,70,3.575,261
2022,4,22,15,0,0,11.223,59.426,4.7807,330.47,2022,4,22,14,47,0,9.444,75,2.233,168
2022,4,22,16,0,0,12.761,54.631,4.194,316.28,2022,4,22,15,47,0,11.111,60,5.366,321
2022,4,22,17,0,0,14.219,47.906,3.5437,288.62,2022,4,22,16,47,0,12.778,61,3.128,278
2022,4,22,18,0,0,15.748,39.537,4.6293,298.57,2022,4,22,17,47,0,13.889,59,5.366,242
2022,4,22,19,0,0,16.931,35.605,4.8148,294.51,2022,4,22,18,47,0,15,52,5.366,247
2022,4,22,20,0,0,17.628,34.134,3.5524,298.76,2022,4,22,19,47,0,15,55,4.471,230
2022,4,22,21,0,0,17.611,38.392,4.3118,301.82,2022,4,22,20,47,0,15.556,57,8.046,209
2022,4,22,22,0,0,17.65,37.695,4.5166,303.6,2022,4,22,21,47,0,15.556,50,5.813,288
2022,4,22,23,0,0,17.325,41.637,4.3721,301.25,2022,4,22,22,47,0,16.667,50,5.366,243
2022,4,23,0,0,0,16.106,47.439,4.0418,303.19,2022,4,22,23,47,0,13.889,57,5.366,315
2022,4,23,1,0,0,14.82,52.608,3.9673,288.38,2022,4,23,0,47,0,16.111,52,4.471,255
2022,4,23,2,0,0,13.287,58.523,4.1993,292.24,2022,4,23,1,47,0,14.444,56,3.128,298
2022,4,23,3,0,0,12.172,63.729,4.1625,313.39,2022,4,23,2,47,0,12.778,59,4.023,292
2022,4,23,4,0,0,11.81,64.236,3.3745,303.11,2022,4,23,3,47,0,12.778,53,7.598,344
2022,4,23,5,0,0,11.375,64.213,3.2737,297.3,2022,4,23,4,47,0,13.333,44,8.493,18
2022,4,23,6,0,0,11.753,58.743,3.962,313.69,2022,4,23,5,47,0,13.333,44,10.284,348
2022,4,23,7,0,0,13.056,45.376,6.8175,3.29,2022,4,23,6,47,0,13.333,44,4.471,9
2022,4,23,8,0,0,13.283,42.047,10.204,14.201,2022,4,23,7,47,0,13.333,45,12.069,17
2022,4,23,9,0,0,12.771,45.17,9.7438,14.078,2022,4,23,8,47,0,12.778,47,17.882,18
2022,4,23,10,0,0,12.39,45.683,9.2532,19.662,2022,4,23,9,47,0,12.778,48,17.435,21
2022,4,23,11,0,0,11.949,48.635,9.4174,20.86,2022,4,23,10,47,0,12.222,49,16.987,15
2022,4,23,12,0,0,11.57,51.291,9.5581,24.883,2022,4,23,11,47,0,12.778,48,18.777,13
2022,4,23,13,0,0,11.402,52.458,9.2869,25.76,2022,4,23,12,47,0,12.222,49,16.092,14
2022,4,23,14,0,0,12.077,47.949,8.9935,23.095,2022,4,23,13,47,0,12.222,48,11.174,13
2022,4,23,15,0,0,13.935,41.115,8.2275,21.103,2022,4,23,14,47,0,13.889,42,4.471,14
2022,4,23,16,0,0,15.982,35.734,7.3469,20.438,2022,4,23,15,47,0,15,43,4.471,5
2022,4,23,17,0,0,18.094,30.178,5.8443,21.09,2022,4,23,16,47,0,14.444,62,2.68,192
2022,4,23,18,0,0,19.026,32.046,1.4015,81.15,2022,4,23,17,47,0,16.111,54,2.233,197
2022,4,23,19,0,0,18.456,40.466,2.2558,200.74,2022,4,23,18,47,0,17.222,48,2.68,202
2022,4,23,20,0,0,19.319,33.45,2.7627,201.87,2022,4,23,19,47,0,18.889,43,2.233,193
2022,4,23,21,0,0,20.405,28.228,2.8437,213.05,2022,4,23,20,47,0,20.556,42,3.128,203
2022,4,23,22,0,0,21.168,31.227,3.0253,213.7,2022,4,23,21,47,0,22.222,38,4.023,199
2022,4,23,23,0,0,21.411,27.751,3.1226,228.1,2022,4,23,22,47,0,22.222,37,4.023,203
2022,4,24,0,0,0,21.913,25.423,1.5464,244.05,2022,4,23,23,47,0,22.778,36,3.575,208
2022,4,24,1,0,0,21.469,20.534,5.0965,22.394,2022,4,24,0,47,0,21.667,40,1.343,203
2022,4,24,2,0,0,19.638,23.392,6.4626,19.337,2022,4,24,1,47,0,20,26,5.813,354
2022,4,24,3,0,0,18.305,26.43,7.8495,21.401,2022,4,24,2,47,0,17.778,31,19.225,14
2022,4,24,4,0,0,17.69,27.775,8.1872,24.738,2022,4,24,3,47,0,17.222,31,25.033,14
2022,4,24,5,0,0,17.376,28.894,8.0546,22.903,2022,4,24,4,47,0,16.667,33,23.248,16
2022,4,24,6,0,0,17.26,27.686,8.3045,22.651,2022,4,24,5,47,0,16.667,32,19.667,19
2022,4,24,7,0,0,17.23,24.808,8.4612,23.031,2022,4,24,6,47,0,16.111,30,21.905,16
2022,4,24,8,0,0,17.208,22.404,8.3132,24.969,2022,4,24,7,47,0,16.111,28,20.115,16
2022,4,24,9,0,0,17.638,19.916,8.0715,24.977,2022,4,24,8,47,0,16.111,27,14.307,8
2022,4,24,10,0,0,17.572,20.352,8.1624,23.268,2022,4,24,9,47,0,16.667,23,13.859,6
2022,4,24,11,0,0,17.417,25.653,8.2498,22.908,2022,4,24,10,47,0,16.667,22,9.836,6
2022,4,24,12,0,0,17.434,26.621,7.7758,22.415,2022,4,24,11,47,0,17.222,22,14.307,12
2022,4,24,13,0,0,17.168,25.776,7.181,19.905,2022,4,24,12,47,0,16.667,25,12.964,7
2022,4,24,14,0,0,17.831,23.585,5.6662,18.444,2022,4,24,13,47,0,16.667,26,12.516,4
2022,4,24,15,0,0,20.188,19.314,3.8108,5.5336,2022,4,24,14,47,0,17.222,29,14.307,13
2022,4,24,16,0,0,21.751,20.719,0.43835,281.68,2022,4,24,15,47,0,19.444,27,10.284,7
2022,4,24,17,0,0,20.879,25.695,1.7874,215.43,2022,4,24,16,47,0,23.333,26,0.895,339
2022,4,24,18,0,0,22.271,21.762,2.1674,211.09,2022,4,24,17,47,0,22.222,29,1.79,189
2022,4,24,19,0,0,23.536,18.279,2.954,227.17,2022,4,24,18,47,0,25,24,3.575,203
2022,4,24,20,0,0,24.317,17.319,3.2922,251.8,2022,4,24,19,47,0,25.556,21,4.023,198
2022,4,24,21,0,0,24.779,15.129,3.3139,250.26,2022,4,24,20,47,0,26.111,16,5.366,217
2022,4,24,22,0,0,24.589,16.797,3.4826,252.81,2022,4,24,21,47,0,26.111,15,4.471,207
2022,4,24,23,0,0,24.443,17.679,3.7081,258.35,2022,4,24,22,47,0,26.667,15,4.918,212
2022,4,25,0,0,0,23.907,17.251,3.9835,264.71,0,0,0,0,0,0,NaN,NaN,NaN,NaN
2022,4,25,1,0,0,23.17,18.011,4.2295,259.24,0,0,0,0,0,0,NaN,NaN,NaN,NaN
2022,4,25,2,0,0,21.007,27.24,1.759,318.14,0,0,0,0,0,0,NaN,NaN,NaN,NaN
2022,4,25,3,0,0,20.998,24.693,5.9037,342.35,0,0,0,0,0,0,NaN,NaN,NaN,NaN
2022,4,25,4,0,0,21.251,21.726,7.2287,358.68,0,0,0,0,0,0,NaN,NaN,NaN,NaN
2022,4,25,5,0,0,21.285,20.142,5.9251,10.281,0,0,0,0,0,0,NaN,NaN,NaN,NaN
2022,4,25,6,0,0,21.008,20.787,6.0929,19.847,0,0,0,0,0,0,NaN,NaN,NaN,NaN
2022,4,25,7,0,0,20.845,21.03,5.8291,22.824,0,0,0,0,0,0,NaN,NaN,NaN,NaN
2022,4,25,8,0,0,20.715,21.008,5.2126,24.533,0,0,0,0,0,0,NaN,NaN,NaN,NaN
2022,4,25,9,0,0,20.333,21.558,5.02,24.882,0,0,0,0,0,0,NaN,NaN,NaN,NaN
2022,4,25,10,0,0,20.312,20.658,4.7681,22.361,0,0,0,0,0,0,NaN,NaN,NaN,NaN
2022,4,25,11,0,0,20.322,19.744,4.9944,22.41,0,0,0,0,0,0,NaN,NaN,NaN,NaN
2022,4,25,12,0,0,20.368,18.349,5.144,22.283,0,0,0,0,0,0,NaN,NaN,NaN,NaN
