model forecast and observations from station:mtic1
station latitude:34.4614
station longitude:-119.649
model latitude:34.4572
model longitude:-119.6543
model, , , , , , , , , ,obs, , , , , , , , ,
year,month,day,hour,min,sec,model temperature,model rel hum,model wind speed,model wind direction,year,month,day,hour,min,sec,obs temperature,obs rel hum,obs wind speed,obs wind direction
yyyy,mm,dd,hh,mm,ss,deg C,%,m/s,deg N,yyyy,mm,dd,hh,mm,ss,deg C,%,m/s,deg N
2022,5,28,0,0,0,17.167,72.316,3.0776,232.21,2022,5,28,0,0,0,NaN,NaN,NaN,NaN
2022,5,28,1,0,0,14.624,83.884,2.032,229.69,2022,5,28,0,47,0,16.667,66,4.023,211
2022,5,28,2,0,0,14.159,84.607,2.2397,246.94,2022,5,28,1,47,0,15,75,4.023,220
2022,5,28,3,0,0,12.365,95.049,1.1916,258.3,2022,5,28,2,47,0,12.222,85,2.68,216
2022,5,28,4,0,0,12.227,98.01,0.63984,100.03,2022,5,28,3,47,0,11.667,89,0.895,263
2022,5,28,5,0,0,12.14,98.773,1.3295,108.57,2022,5,28,4,47,0,11.667,89,1.79,109
2022,5,28,6,0,0,11.898,99.9,1.1684,103.07,2022,5,28,5,47,0,11.667,90,0.895,69
2022,5,28,7,0,0,11.836,99.9,0.84335,108.35,2022,5,28,6,47,0,12.222,87,1.343,23
2022,5,28,8,0,0,11.984,98.958,0.92027,106.91,2022,5,28,7,47,0,13.333,83,0,NaN
2022,5,28,9,0,0,11.871,99.17,1.1294,115.56,2022,5,28,8,47,0,13.333,81,0.448,112
2022,5,28,10,0,0,11.879,99.073,0.9899,118.86,2022,5,28,9,47,0,12.778,84,1.343,110
2022,5,28,11,0,0,11.501,99.9,1.0213,120.54,2022,5,28,10,47,0,12.222,87,0,NaN
2022,5,28,12,0,0,11.636,99.9,1.0987,110.47,2022,5,28,11,47,0,12.778,82,0,NaN
2022,5,28,13,0,0,11.856,98.578,0.97695,112.25,2022,5,28,12,47,0,12.778,87,0.448,123
2022,5,28,14,0,0,12.618,98.234,1.0202,127.98,2022,5,28,13,47,0,11.667,93,0.895,87
2022,5,28,15,0,0,13.517,93.857,1.1871,123.94,2022,5,28,14,47,0,13.333,84,2.68,89
2022,5,28,16,0,0,13.72,93.682,1.3543,127.75,2022,5,28,15,47,0,12.778,93,1.79,172
2022,5,28,17,0,0,14.771,87.392,1.4188,138.02,2022,5,28,16,47,0,13.889,91,0.448,173
2022,5,28,18,0,0,16.097,80.849,1.3726,167.81,2022,5,28,17,47,0,13.333,92,1.79,193
2022,5,28,19,0,0,17.126,76.478,1.8525,183.24,2022,5,28,18,47,0,12.778,93,2.233,186
2022,5,28,20,0,0,17.1,75.925,1.9103,198.88,2022,5,28,19,47,0,13.333,91,1.79,204
2022,5,28,21,0,0,17.268,74.997,1.7626,194.44,2022,5,28,20,47,0,13.889,88,1.79,208
2022,5,28,22,0,0,17.324,74.752,1.7246,176.68,2022,5,28,21,47,0,15,85,1.343,188
2022,5,28,23,0,0,17.164,80.153,1.4434,165.94,2022,5,28,22,47,0,16.111,77,2.68,190
2022,5,29,0,0,0,18.998,73.892,1.377,214.54,2022,5,28,23,47,0,16.667,73,2.68,173
2022,5,29,1,0,0,21.357,51.504,1.5108,274.05,2022,5,29,0,47,0,17.778,72,1.343,210
2022,5,29,2,0,0,21.821,40.88,4.8163,337.66,2022,5,29,1,47,0,17.778,70,1.343,245
2022,5,29,3,0,0,20.81,41.934,8.5179,343.34,2022,5,29,2,47,0,16.111,70,1.343,237
2022,5,29,4,0,0,20.984,39.062,9.1103,345.8,2022,5,29,3,47,0,15.556,62,7.598,352
2022,5,29,5,0,0,21.296,38.039,7.696,348.55,2022,5,29,4,47,0,15.556,60,2.68,303
2022,5,29,6,0,0,20.893,38.928,5.8973,348.91,2022,5,29,5,47,0,14.444,64,2.68,2
2022,5,29,7,0,0,19.197,46.748,5.484,356.08,2022,5,29,6,47,0,15,63,4.471,24
2022,5,29,8,0,0,18.891,47.707,5.8841,18.436,2022,5,29,7,47,0,14.444,64,2.233,333
2022,5,29,9,0,0,17.36,50.056,8.4773,21.839,2022,5,29,8,47,0,15.556,59,7.598,350
2022,5,29,10,0,0,16.378,53.443,8.6178,23.386,2022,5,29,9,47,0,16.667,54,9.836,19
2022,5,29,11,0,0,16.401,50.95,8.2189,21.074,2022,5,29,10,47,0,15.556,55,12.069,18
2022,5,29,12,0,0,16.186,52.001,7.8416,19.803,2022,5,29,11,47,0,15,56,12.516,20
2022,5,29,13,0,0,16.027,51.988,7.897,19.567,2022,5,29,12,47,0,15.556,53,13.412,19
2022,5,29,14,0,0,17.181,45.576,6.8787,20.294,2022,5,29,13,47,0,15,55,6.261,15
2022,5,29,15,0,0,17.609,55.163,0.52628,0.45715,2022,5,29,14,47,0,17.778,48,2.233,25
2022,5,29,16,0,0,17.146,73.429,1.4457,206.86,2022,5,29,15,47,0,17.778,66,1.343,168
2022,5,29,17,0,0,18.312,68.667,1.7325,211.42,2022,5,29,16,47,0,17.778,74,1.79,188
2022,5,29,18,0,0,19.413,63.852,1.9024,206.3,2022,5,29,17,47,0,17.778,72,3.128,198
2022,5,29,19,0,0,20.95,54.219,1.9543,204.38,2022,5,29,18,47,0,20,64,2.68,193
2022,5,29,20,0,0,22.691,45.232,1.866,200.44,2022,5,29,19,47,0,20,61,2.68,196
2022,5,29,21,0,0,25.465,28.961,1.343,172.86,2022,5,29,20,47,0,21.111,58,2.68,187
2022,5,29,22,0,0,26.352,25.482,2.0347,180.63,2022,5,29,21,47,0,21.667,54,2.68,188
2022,5,29,23,0,0,26.524,22.995,2.3143,172.64,2022,5,29,22,47,0,22.222,55,2.68,203
2022,5,30,0,0,0,27.467,14.266,1.6406,268.13,2022,5,29,23,47,0,23.889,40,4.918,233
2022,5,30,1,0,0,26.678,14.346,1.728,321.69,2022,5,30,0,47,0,23.333,38,3.575,222
2022,5,30,2,0,0,24.142,18.1,1.9959,290.24,2022,5,30,1,47,0,23.333,30,4.471,343
2022,5,30,3,0,0,18.643,30.426,2.3387,268.63,2022,5,30,2,47,0,20,35,9.836,3
2022,5,30,4,0,0,17.376,28.01,1.5758,258.63,2022,5,30,3,47,0,20.556,31,8.493,16
2022,5,30,5,0,0,16.81,23.519,2.1367,280.91,2022,5,30,4,47,0,21.111,23,11.174,16
2022,5,30,6,0,0,16.791,21.012,2.1875,296.91,2022,5,30,5,47,0,20,21,13.412,15
2022,5,30,7,0,0,15.637,21.354,2.1695,339.02,2022,5,30,6,47,0,19.444,23,11.621,358
2022,5,30,8,0,0,15.317,20.738,2.8993,3.4992,2022,5,30,7,47,0,18.889,28,11.174,8
2022,5,30,9,0,0,17.414,17.936,5.6485,10.526,2022,5,30,8,47,0,19.444,26,5.813,331
2022,5,30,10,0,0,17.392,20.147,6.5018,12.672,2022,5,30,9,47,0,18.889,27,4.918,11
2022,5,30,11,0,0,17.152,25.078,6.4679,14.834,2022,5,30,10,47,0,18.333,28,4.471,358
2022,5,30,12,0,0,16.824,28.075,6.6943,17.396,2022,5,30,11,47,0,18.333,26,3.575,4
2022,5,30,13,0,0,16.532,29.304,6.9999,18.315,2022,5,30,12,47,0,18.333,26,4.918,354
2022,5,30,14,0,0,17.191,29.682,7.3959,17.702,2022,5,30,13,47,0,18.333,25,8.046,1
2022,5,30,15,0,0,18.88,26.285,5.4284,17.938,2022,5,30,14,47,0,20.556,24,4.471,15
2022,5,30,16,0,0,20.875,23.499,3.9795,15.989,2022,5,30,15,47,0,17.222,69,0.895,166
2022,5,30,17,0,0,22.537,20.963,3.5795,12.333,2022,5,30,16,47,0,17.222,74,1.343,172
2022,5,30,18,0,0,23.856,18.617,3.2183,4.6732,2022,5,30,17,47,0,17.778,71,2.68,184
2022,5,30,19,0,0,23.869,22.082,2.2692,274.47,2022,5,30,18,47,0,18.889,62,3.128,182
2022,5,30,20,0,0,24.04,24.456,2.5242,243.87,2022,5,30,19,47,0,19.444,65,3.575,191
2022,5,30,21,0,0,25.896,18.147,1.6013,204.36,2022,5,30,20,47,0,21.111,59,3.128,190
2022,5,30,22,0,0,27.084,12.594,3.5254,22.544,2022,5,30,21,47,0,20.556,56,4.023,191
2022,5,30,23,0,0,27.146,12.005,4.4633,13.119,2022,5,30,22,47,0,22.222,53,2.233,195
2022,5,31,0,0,0,26.813,13.883,3.5155,354.56,2022,5,30,23,47,0,21.667,52,2.233,177
2022,5,31,1,0,0,23.414,20.909,8.2788,349.37,0,0,0,0,0,0,NaN,NaN,NaN,NaN
2022,5,31,2,0,0,21.764,23.127,7.9474,352.76,0,0,0,0,0,0,NaN,NaN,NaN,NaN
2022,5,31,3,0,0,20.592,21.915,8.1334,359.97,0,0,0,0,0,0,NaN,NaN,NaN,NaN
2022,5,31,4,0,0,21.025,13.853,8.14,10.705,0,0,0,0,0,0,NaN,NaN,NaN,NaN
2022,5,31,5,0,0,20.758,12.071,8.8191,14.787,0,0,0,0,0,0,NaN,NaN,NaN,NaN
2022,5,31,6,0,0,20.362,11.88,8.7797,17.455,0,0,0,0,0,0,NaN,NaN,NaN,NaN
2022,5,31,7,0,0,20.05,12.374,8.8099,19.663,0,0,0,0,0,0,NaN,NaN,NaN,NaN
2022,5,31,8,0,0,19.982,13.198,9.0243,19.958,0,0,0,0,0,0,NaN,NaN,NaN,NaN
2022,5,31,9,0,0,19.407,14.95,8.8563,21.096,0,0,0,0,0,0,NaN,NaN,NaN,NaN
2022,5,31,10,0,0,18.782,15.571,8.9652,19.811,0,0,0,0,0,0,NaN,NaN,NaN,NaN
2022,5,31,11,0,0,18.544,17.526,8.8227,19.3,0,0,0,0,0,0,NaN,NaN,NaN,NaN
2022,5,31,12,0,0,18.661,17.59,8.3583,19.754,0,0,0,0,0,0,NaN,NaN,NaN,NaN
