model forecast and observations from station:mtic1
station latitude:34.4614
station longitude:-119.649
model latitude:34.4572
model longitude:-119.6543
model, , , , , , , , , ,obs, , , , , , , , ,
year,month,day,hour,min,sec,model temperature,model rel hum,model wind speed,model wind direction,year,month,day,hour,min,sec,obs temperature,obs rel hum,obs wind speed,obs wind direction
yyyy,mm,dd,hh,mm,ss,deg C,%,m/s,deg N,yyyy,mm,dd,hh,mm,ss,deg C,%,m/s,deg N
2022,12,18,0,0,0,13.672,47.763,0.93837,251.67,2022,12,18,0,0,0,NaN,NaN,NaN,NaN
2022,12,18,1,0,0,12.194,49.625,0.66536,312.2,2022,12,18,0,47,0,12.222,47,0.895,357
2022,12,18,2,0,0,12.689,42.226,1.2953,297.56,2022,12,18,1,47,0,12.222,35,2.68,9
2022,12,18,3,0,0,12.061,47.424,1.8235,296.49,2022,12,18,2,47,0,12.222,31,3.575,2
2022,12,18,4,0,0,11.741,50.981,1.9655,332.97,2022,12,18,3,47,0,12.222,31,0.895,328
2022,12,18,5,0,0,11.167,53.287,2.4633,344.75,2022,12,18,4,47,0,11.111,41,0.895,186
2022,12,18,6,0,0,11.916,49.855,0.50436,34.349,2022,12,18,5,47,0,11.667,34,1.79,117
2022,12,18,7,0,0,11.936,48.809,1.3023,331.86,2022,12,18,6,47,0,11.111,35,2.68,356
2022,12,18,8,0,0,11.506,49.242,0.79869,343.23,2022,12,18,7,47,0,11.111,34,0.448,139
2022,12,18,9,0,0,12.074,45.581,1.7673,10.054,2022,12,18,8,47,0,10.556,34,0.448,159
2022,12,18,10,0,0,10.179,55.761,0.33107,176.51,2022,12,18,9,47,0,10.556,34,1.79,356
2022,12,18,11,0,0,9.8175,56.182,1.6184,76.685,2022,12,18,10,47,0,11.111,30,0,NaN
2022,12,18,12,0,0,9.9848,50.473,1.0813,52.557,2022,12,18,11,47,0,10.556,30,0.448,16
2022,12,18,13,0,0,10.246,47.438,0.56327,351.89,2022,12,18,12,47,0,10.556,31,1.343,334
2022,12,18,14,0,0,10.271,45.464,0.82193,338.24,2022,12,18,13,47,0,11.111,32,2.68,346
2022,12,18,15,0,0,10.306,43.223,0.9044,314.24,2022,12,18,14,47,0,11.111,31,4.471,2
2022,12,18,16,0,0,11.746,43.496,1.0868,277.31,2022,12,18,15,47,0,11.111,32,2.233,357
2022,12,18,17,0,0,12.783,46.74,0.637,226.77,2022,12,18,16,47,0,13.333,32,2.233,184
2022,12,18,18,0,0,13.19,43.74,1.2613,213.63,2022,12,18,17,47,0,13.889,35,2.233,190
2022,12,18,19,0,0,13.732,41.244,1.6295,223.1,2022,12,18,18,47,0,13.889,49,2.233,203
2022,12,18,20,0,0,14.165,42.696,1.8126,219.12,2022,12,18,19,47,0,14.444,59,3.128,195
2022,12,18,21,0,0,14.167,38.661,1.8957,202.38,2022,12,18,20,47,0,14.444,60,2.68,193
2022,12,18,22,0,0,13.634,41.153,1.704,195.09,2022,12,18,21,47,0,14.444,66,2.68,200
2022,12,18,23,0,0,12.993,46.959,1.2549,193.45,2022,12,18,22,47,0,13.889,69,2.233,182
2022,12,19,0,0,0,12.031,56.153,0.68816,172.82,2022,12,18,23,47,0,13.333,63,1.79,203
2022,12,19,1,0,0,10.257,64.337,0.16672,330.6,2022,12,19,0,47,0,11.111,73,0.448,289
2022,12,19,2,0,0,10.25,61.106,1.3208,288.6,2022,12,19,1,47,0,10,77,0.895,30
2022,12,19,3,0,0,10.088,61.314,1.6222,292.45,2022,12,19,2,47,0,10,65,0.448,17
2022,12,19,4,0,0,9.7744,63.818,0.47344,273.26,2022,12,19,3,47,0,10.556,61,0,NaN
2022,12,19,5,0,0,8.9377,70.714,0.0022796,139.31,2022,12,19,4,47,0,10,61,1.343,78
2022,12,19,6,0,0,8.6661,73.636,0.30235,86.877,2022,12,19,5,47,0,9.444,60,1.343,33
2022,12,19,7,0,0,8.2268,82.761,0.90731,80.029,2022,12,19,6,47,0,9.444,54,0.448,231
2022,12,19,8,0,0,8.1956,76.829,1.0461,84.327,2022,12,19,7,47,0,10.556,45,0.895,331
2022,12,19,9,0,0,8.2525,72.992,1.3125,79.612,2022,12,19,8,47,0,10.556,45,0.448,310
2022,12,19,10,0,0,8.2886,72.289,1.6513,70.302,2022,12,19,9,47,0,9.444,50,0.448,207
2022,12,19,11,0,0,7.7678,75.543,1.9057,67.586,2022,12,19,10,47,0,10,50,0.448,137
2022,12,19,12,0,0,7.5557,69.458,2.1005,81.428,2022,12,19,11,47,0,10,42,0.895,31
2022,12,19,13,0,0,7.648,68.327,1.973,87.72,2022,12,19,12,47,0,9.444,42,0,NaN
2022,12,19,14,0,0,7.5167,71.839,1.9195,72.984,2022,12,19,13,47,0,8.889,45,0,NaN
2022,12,19,15,0,0,6.7089,78.972,2.3091,61.726,2022,12,19,14,47,0,9.444,40,0.448,157
2022,12,19,16,0,0,8.6659,71.532,1.5401,54.298,2022,12,19,15,47,0,10.556,37,0.448,184
2022,12,19,17,0,0,9.9158,70.187,1.9345,86.456,2022,12,19,16,47,0,13.333,35,0.895,114
2022,12,19,18,0,0,10.616,68.182,1.3475,111.94,2022,12,19,17,47,0,13.333,44,1.79,189
2022,12,19,19,0,0,11.454,62.222,0.89383,167.89,2022,12,19,18,47,0,14.444,45,1.79,193
2022,12,19,20,0,0,12.203,59.678,1.4366,169.28,2022,12,19,19,47,0,15,43,2.233,203
2022,12,19,21,0,0,12.432,60.473,1.3271,172.51,2022,12,19,20,47,0,16.111,42,3.128,205
2022,12,19,22,0,0,12.322,64.294,1.1392,174.62,2022,12,19,21,47,0,15.556,36,2.68,200
2022,12,19,23,0,0,11.976,68.034,0.98613,187.91,2022,12,19,22,47,0,16.111,32,3.128,196
2022,12,20,0,0,0,10.924,74.034,0.68609,222.06,2022,12,19,23,47,0,15,41,2.68,198
2022,12,20,1,0,0,9.4322,84.293,1.1172,277.16,2022,12,20,0,47,0,12.778,49,1.79,336
2022,12,20,2,0,0,9.6995,77.439,1.0748,242.16,2022,12,20,1,47,0,12.222,50,0,NaN
2022,12,20,3,0,0,8.7819,84.671,0.21353,264.22,2022,12,20,2,47,0,12.222,41,0.895,327
2022,12,20,4,0,0,8.8505,80.164,0.4846,283.75,2022,12,20,3,47,0,11.667,25,0,NaN
2022,12,20,5,0,0,9.0827,74.813,0.27597,279.64,2022,12,20,4,47,0,12.222,32,0.448,176
2022,12,20,6,0,0,9.4863,66.851,0.50588,56.812,2022,12,20,5,47,0,12.222,38,0,NaN
2022,12,20,7,0,0,9.919,60.334,0.43024,37.907,2022,12,20,6,47,0,13.889,23,0.448,325
2022,12,20,8,0,0,9.7336,64.589,0.25111,26.349,2022,12,20,7,47,0,13.333,25,1.343,346
2022,12,20,9,0,0,9.6082,64.082,0.30005,57.586,2022,12,20,8,47,0,13.333,26,0.895,330
2022,12,20,10,0,0,9.4688,63.791,0.13396,344.11,2022,12,20,9,47,0,13.333,25,1.343,323
2022,12,20,11,0,0,9.8791,55.525,0.8709,285.54,2022,12,20,10,47,0,13.889,25,1.343,326
2022,12,20,12,0,0,10.249,53.588,1.374,281.66,2022,12,20,11,47,0,13.333,26,1.79,310
2022,12,20,13,0,0,10.361,52.139,0.90143,280.88,2022,12,20,12,47,0,12.778,33,2.233,337
2022,12,20,14,0,0,10.219,51.339,0.98678,286.14,2022,12,20,13,47,0,12.222,37,1.343,336
2022,12,20,15,0,0,9.8154,52.312,0.6123,293.46,2022,12,20,14,47,0,12.778,33,1.79,339
2022,12,20,16,0,0,11.64,47.953,0.13283,276.1,2022,12,20,15,47,0,13.889,31,0.895,294
2022,12,20,17,0,0,11.399,60.65,1.0832,113.29,2022,12,20,16,47,0,16.111,31,0,NaN
2022,12,20,18,0,0,11.96,65.541,1.2061,130.18,2022,12,20,17,47,0,16.111,42,0.448,108
2022,12,20,19,0,0,12.841,61.845,1.102,145.1,2022,12,20,18,47,0,15.556,51,1.79,180
2022,12,20,20,0,0,13.715,59.973,1.0913,166.81,2022,12,20,19,47,0,15.556,53,2.233,187
2022,12,20,21,0,0,14.12,57.835,1.32,198.58,2022,12,20,20,47,0,16.111,58,1.79,179
2022,12,20,22,0,0,13.803,64.125,1.225,220.27,2022,12,20,21,47,0,16.667,59,2.233,197
2022,12,20,23,0,0,13.391,77.046,0.7466,236,2022,12,20,22,47,0,17.222,60,1.343,210
2022,12,21,0,0,0,13.737,61.428,0.57335,286.08,2022,12,20,23,47,0,16.111,65,0.448,321
2022,12,21,1,0,0,13.23,40.317,2.2494,322.79,0,0,0,0,0,0,NaN,NaN,NaN,NaN
2022,12,21,2,0,0,13.312,33.546,2.2972,336.25,0,0,0,0,0,0,NaN,NaN,NaN,NaN
2022,12,21,3,0,0,13.422,30.735,2.556,4.8574,0,0,0,0,0,0,NaN,NaN,NaN,NaN
2022,12,21,4,0,0,13.207,28.508,2.2992,8.844,0,0,0,0,0,0,NaN,NaN,NaN,NaN
2022,12,21,5,0,0,12.993,27.824,2.5548,12.301,0,0,0,0,0,0,NaN,NaN,NaN,NaN
2022,12,21,6,0,0,13.196,33.741,2.6081,359.91,0,0,0,0,0,0,NaN,NaN,NaN,NaN
2022,12,21,7,0,0,12.66,29.418,2.838,8.8711,0,0,0,0,0,0,NaN,NaN,NaN,NaN
2022,12,21,8,0,0,12.743,28.193,2.4799,8.6116,0,0,0,0,0,0,NaN,NaN,NaN,NaN
2022,12,21,9,0,0,13.646,36.402,1.7139,357.33,0,0,0,0,0,0,NaN,NaN,NaN,NaN
2022,12,21,10,0,0,12.731,33.642,2.5914,356.94,0,0,0,0,0,0,NaN,NaN,NaN,NaN
2022,12,21,11,0,0,13.369,24.074,3.9053,21.113,0,0,0,0,0,0,NaN,NaN,NaN,NaN
2022,12,21,12,0,0,12.746,30.795,2.9759,22.801,0,0,0,0,0,0,NaN,NaN,NaN,NaN
