model forecast and observations from station:mtic1
station latitude:34.4614
station longitude:-119.649
model latitude:34.4572
model longitude:-119.6543
model, , , , , , , , , ,obs, , , , , , , , ,
year,month,day,hour,min,sec,model temperature,model rel hum,model wind speed,model wind direction,year,month,day,hour,min,sec,obs temperature,obs rel hum,obs wind speed,obs wind direction
yyyy,mm,dd,hh,mm,ss,deg C,%,m/s,deg N,yyyy,mm,dd,hh,mm,ss,deg C,%,m/s,deg N
2022,6,13,0,0,0,22.066,66.594,2.1725,245.78,2022,6,13,0,0,0,NaN,NaN,NaN,NaN
2022,6,13,1,0,0,20.132,77.412,1.3461,210.03,2022,6,13,0,47,0,22.222,62,0.895,218
2022,6,13,2,0,0,20.065,74.461,0.44677,150.53,2022,6,13,1,47,0,22.778,60,0.895,196
2022,6,13,3,0,0,21.859,69.088,2.3929,309.75,2022,6,13,2,47,0,20.556,66,2.233,239
2022,6,13,4,0,0,24.245,61.723,5.6924,326.92,2022,6,13,3,47,0,23.333,58,6.261,304
2022,6,13,5,0,0,23.445,58.986,3.841,322.51,2022,6,13,4,47,0,23.333,60,4.023,340
2022,6,13,6,0,0,21.066,64.962,2.2749,318.97,2022,6,13,5,47,0,22.778,61,5.813,324
2022,6,13,7,0,0,20.411,63.996,2.7093,326.41,2022,6,13,6,47,0,18.889,77,2.233,183
2022,6,13,8,0,0,19.192,66.007,1.8719,328.92,2022,6,13,7,47,0,19.444,75,2.233,246
2022,6,13,9,0,0,18.377,72.533,1.3146,348.61,2022,6,13,8,47,0,16.667,86,2.233,235
2022,6,13,10,0,0,17.762,82.303,1.0441,352.62,2022,6,13,9,47,0,16.111,86,1.343,211
2022,6,13,11,0,0,17.224,86.164,1.2333,28.255,2022,6,13,10,47,0,15.556,91,0.448,350
2022,6,13,12,0,0,17.065,83.035,1.3906,39.767,2022,6,13,11,47,0,14.444,95,0.448,294
2022,6,13,13,0,0,15.244,95.468,0.36777,102.87,2022,6,13,12,47,0,13.889,99,0.895,313
2022,6,13,14,0,0,16.569,91.63,0.71335,200.38,2022,6,13,13,47,0,13.889,100,0.448,116
2022,6,13,15,0,0,17.242,95.117,1.3757,179.76,2022,6,13,14,47,0,15,100,0.448,334
2022,6,13,16,0,0,17.564,94.021,1.5151,173.17,2022,6,13,15,47,0,17.222,86,2.233,187
2022,6,13,17,0,0,18.372,91.621,1.4567,176.24,2022,6,13,16,47,0,17.778,84,2.68,197
2022,6,13,18,0,0,19.812,79.401,1.6141,177.41,2022,6,13,17,47,0,17.222,89,2.233,183
2022,6,13,19,0,0,20.27,79.684,1.8807,170.09,2022,6,13,18,47,0,18.889,82,2.68,205
2022,6,13,20,0,0,20.273,89.534,1.7425,172.09,2022,6,13,19,47,0,21.111,69,2.233,208
2022,6,13,21,0,0,23.134,72.095,1.4373,181.04,2022,6,13,20,47,0,22.222,63,3.128,206
2022,6,13,22,0,0,26.548,37.901,0.41231,210.14,2022,6,13,21,47,0,22.222,63,3.128,200
2022,6,13,23,0,0,28.716,22.862,1.67,359.27,2022,6,13,22,47,0,22.778,60,3.575,190
2022,6,14,0,0,0,29.827,14.567,3.732,13.149,2022,6,13,23,47,0,23.333,61,1.79,237
2022,6,14,1,0,0,28.924,14.256,5.6104,13.317,2022,6,14,0,47,0,22.222,62,2.233,201
2022,6,14,2,0,0,26.767,19.074,8.4404,17.836,2022,6,14,1,47,0,23.889,48,1.343,325
2022,6,14,3,0,0,25.388,18.991,10.455,18.288,2022,6,14,2,47,0,24.444,25,4.023,303
2022,6,14,4,0,0,24.552,20.095,10.855,17.708,2022,6,14,3,47,0,23.333,22,3.575,338
2022,6,14,5,0,0,24.11,14.822,10.949,16.308,2022,6,14,4,47,0,22.222,22,8.493,7
2022,6,14,6,0,0,23.42,12.613,11.46,17.466,2022,6,14,5,47,0,22.778,19,13.412,14
2022,6,14,7,0,0,22.012,13.275,12.268,19.218,2022,6,14,6,47,0,22.222,16,16.092,21
2022,6,14,8,0,0,21.086,11.216,12.086,21.541,2022,6,14,7,47,0,22.222,16,12.964,2
2022,6,14,9,0,0,20.418,13.209,12.434,20.957,2022,6,14,8,47,0,21.667,16,16.987,23
2022,6,14,10,0,0,19.966,16.062,12.378,21.825,2022,6,14,9,47,0,21.111,16,9.389,12
2022,6,14,11,0,0,19.93,18.033,12.176,19.54,2022,6,14,10,47,0,17.778,33,5.366,113
2022,6,14,12,0,0,20.29,19.147,11.389,20.309,2022,6,14,11,47,0,15,65,1.79,35
2022,6,14,13,0,0,20.592,19.367,10.649,23.729,2022,6,14,12,47,0,16.111,48,1.79,183
2022,6,14,14,0,0,22.97,12.097,8.5659,25.688,2022,6,14,13,47,0,17.778,38,2.233,84
2022,6,14,15,0,0,23.755,23.354,3.1447,34.654,2022,6,14,14,47,0,15,94,1.343,173
2022,6,14,16,0,0,23.211,39.654,0.93624,75.353,2022,6,14,15,47,0,16.111,89,1.79,192
2022,6,14,17,0,0,22.701,57.276,1.4835,198.94,2022,6,14,16,47,0,17.222,84,2.233,184
2022,6,14,18,0,0,23.907,53.387,1.9532,212.95,2022,6,14,17,47,0,18.889,74,3.128,188
2022,6,14,19,0,0,26.577,40.486,1.8806,198.08,2022,6,14,18,47,0,21.111,66,3.128,182
2022,6,14,20,0,0,28.184,32.726,2.3296,210.78,2022,6,14,19,47,0,22.222,59,2.68,203
2022,6,14,21,0,0,29.117,22.899,2.3136,209.2,2022,6,14,20,47,0,22.778,61,3.128,205
2022,6,14,22,0,0,29.805,15.746,2.0895,192.98,2022,6,14,21,47,0,23.333,58,3.575,205
2022,6,14,23,0,0,30.296,14.639,1.5864,189.74,2022,6,14,22,47,0,22.778,60,2.233,192
2022,6,15,0,0,0,29.037,26.098,1.2377,182.72,2022,6,14,23,47,0,22.222,60,2.68,202
2022,6,15,1,0,0,28.863,28.37,0.78636,224.78,2022,6,15,0,47,0,22.222,58,1.79,200
2022,6,15,2,0,0,29.513,20.045,1.9956,348.16,2022,6,15,1,47,0,22.222,57,0.895,265
2022,6,15,3,0,0,28.004,15.595,6.7771,10.516,2022,6,15,2,47,0,20,62,2.233,169
2022,6,15,4,0,0,26.974,15.912,7.6633,19.041,2022,6,15,3,47,0,27.222,13,12.069,19
2022,6,15,5,0,0,27.027,13.945,8.4313,20.116,2022,6,15,4,47,0,27.222,10,13.412,15
2022,6,15,6,0,0,26.817,13.219,8.7031,20.099,2022,6,15,5,47,0,26.667,11,9.389,12
2022,6,15,7,0,0,26.21,15.199,8.705,22.993,2022,6,15,6,47,0,18.333,62,2.233,143
2022,6,15,8,0,0,25.775,10.186,9.2217,21.992,2022,6,15,7,47,0,17.778,57,3.128,145
2022,6,15,9,0,0,24.989,8.7409,9.4689,25.88,2022,6,15,8,47,0,17.222,60,2.68,103
2022,6,15,10,0,0,24.399,11.376,9.7528,24.195,2022,6,15,9,47,0,18.333,56,2.233,109
2022,6,15,11,0,0,24.379,12.169,10.368,16.988,2022,6,15,10,47,0,20,38,1.79,157
2022,6,15,12,0,0,24.631,11.532,10.039,23.508,2022,6,15,11,47,0,17.222,62,2.233,98
2022,6,15,13,0,0,25.414,10.171,8.7333,24.969,2022,6,15,12,47,0,16.667,65,3.128,125
2022,6,15,14,0,0,26.47,13.187,5.7426,31.038,2022,6,15,13,47,0,16.111,69,2.233,75
2022,6,15,15,0,0,25.004,31.699,1.5975,54.114,2022,6,15,14,47,0,18.333,69,0.448,31
2022,6,15,16,0,0,22.218,60.2,1.0477,179.77,2022,6,15,15,47,0,17.778,86,0.895,166
2022,6,15,17,0,0,22.282,64.629,1.0723,172.1,2022,6,15,16,47,0,20,75,0.895,182
2022,6,15,18,0,0,26.818,40.548,1.1224,199.76,2022,6,15,17,47,0,21.111,72,1.343,188
2022,6,15,19,0,0,29.568,32.836,2.2155,216.3,2022,6,15,18,47,0,23.333,62,1.79,187
2022,6,15,20,0,0,29.155,37.647,2.0305,212.2,2022,6,15,19,47,0,23.333,63,2.68,190
2022,6,15,21,0,0,29.12,41.876,1.9499,209.95,2022,6,15,20,47,0,25,57,3.128,202
2022,6,15,22,0,0,30.375,32.358,2.2147,216.4,2022,6,15,21,47,0,24.444,59,3.128,194
2022,6,15,23,0,0,30.178,31.631,2.0861,239.99,2022,6,15,22,47,0,24.444,58,3.128,192
2022,6,16,0,0,0,29.812,34.412,1.3917,229.91,2022,6,15,23,47,0,24.444,58,1.79,199
2022,6,16,1,0,0,29.981,35.433,0.7914,254.22,0,0,0,0,0,0,NaN,NaN,NaN,NaN
2022,6,16,2,0,0,31.541,19.293,2.4167,329.46,0,0,0,0,0,0,NaN,NaN,NaN,NaN
2022,6,16,3,0,0,29.004,17.591,3.6367,337.75,0,0,0,0,0,0,NaN,NaN,NaN,NaN
2022,6,16,4,0,0,28.618,18.457,3.4627,346.01,0,0,0,0,0,0,NaN,NaN,NaN,NaN
2022,6,16,5,0,0,30.587,15.763,4.6379,20.784,0,0,0,0,0,0,NaN,NaN,NaN,NaN
2022,6,16,6,0,0,31.79,10.757,6.2052,22.49,0,0,0,0,0,0,NaN,NaN,NaN,NaN
2022,6,16,7,0,0,31.729,9.8433,6.4916,22.293,0,0,0,0,0,0,NaN,NaN,NaN,NaN
2022,6,16,8,0,0,31.231,8.9992,5.772,24.137,0,0,0,0,0,0,NaN,NaN,NaN,NaN
2022,6,16,9,0,0,28.634,13.516,4.731,32.491,0,0,0,0,0,0,NaN,NaN,NaN,NaN
2022,6,16,10,0,0,25.293,22.635,4.0096,45.651,0,0,0,0,0,0,NaN,NaN,NaN,NaN
2022,6,16,11,0,0,25.758,20.933,4.0976,35.503,0,0,0,0,0,0,NaN,NaN,NaN,NaN
2022,6,16,12,0,0,22.656,32.502,2.3239,47.864,0,0,0,0,0,0,NaN,NaN,NaN,NaN
