model forecast and observations from station:mtic1
station latitude:34.4614
station longitude:-119.649
model latitude:34.4572
model longitude:-119.6543
model, , , , , , , , , ,obs, , , , , , , , ,
year,month,day,hour,min,sec,model temperature,model rel hum,model wind speed,model wind direction,year,month,day,hour,min,sec,obs temperature,obs rel hum,obs wind speed,obs wind direction
yyyy,mm,dd,hh,mm,ss,deg C,%,m/s,deg N,yyyy,mm,dd,hh,mm,ss,deg C,%,m/s,deg N
2022,7,14,0,0,0,22.778,57.903,2.1541,239.21,2022,7,14,0,0,0,NaN,NaN,NaN,NaN
2022,7,14,1,0,0,20.866,68.995,1.8761,226.33,2022,7,14,0,47,0,21.111,65,1.343,199
2022,7,14,2,0,0,19.178,78.466,0.98321,245.13,2022,7,14,1,47,0,21.667,62,0.895,274
2022,7,14,3,0,0,17.693,87.538,0.14073,221.82,2022,7,14,2,47,0,21.111,62,0.448,156
2022,7,14,4,0,0,17.575,86.042,1.1101,98.968,2022,7,14,3,47,0,19.444,67,0.448,9
2022,7,14,5,0,0,17.134,91.545,1.2567,110.72,2022,7,14,4,47,0,18.333,70,1.343,47
2022,7,14,6,0,0,16.393,93.081,2.5074,104.44,2022,7,14,5,47,0,20,60,2.233,90
2022,7,14,7,0,0,16.706,89.484,2.4588,98.921,2022,7,14,6,47,0,19.444,64,1.343,50
2022,7,14,8,0,0,16.125,90.458,2.2162,96.593,2022,7,14,7,47,0,18.333,63,3.128,91
2022,7,14,9,0,0,15.817,89.88,2.2557,92.118,2022,7,14,8,47,0,17.222,71,1.343,58
2022,7,14,10,0,0,15.408,91.555,1.4179,100.06,2022,7,14,9,47,0,15.556,79,1.343,150
2022,7,14,11,0,0,14.539,98.445,1.054,102.41,2022,7,14,10,47,0,16.667,74,1.343,80
2022,7,14,12,0,0,13.881,99.9,1.0673,99.394,2022,7,14,11,47,0,16.667,73,0.448,347
2022,7,14,13,0,0,14.038,99.9,1.1628,97.87,2022,7,14,12,47,0,16.667,70,0.448,64
2022,7,14,14,0,0,16.24,89.357,1.0757,101.5,2022,7,14,13,47,0,17.222,67,0.448,29
2022,7,14,15,0,0,17.776,84.243,1.2385,127.39,2022,7,14,14,47,0,20,57,0,NaN
2022,7,14,16,0,0,18.059,86.281,1.3765,141.61,2022,7,14,15,47,0,20.556,65,0.448,114
2022,7,14,17,0,0,18.699,85.554,1.2165,151.28,2022,7,14,16,47,0,21.667,64,0.448,227
2022,7,14,18,0,0,19.898,81.809,1.2261,164.88,2022,7,14,17,47,0,20.556,68,1.79,168
2022,7,14,19,0,0,20.829,76.702,1.3609,170.85,2022,7,14,18,47,0,20.556,70,1.79,185
2022,7,14,20,0,0,21.372,75.206,1.4246,178.53,2022,7,14,19,47,0,21.111,65,2.233,197
2022,7,14,21,0,0,21.904,73.552,1.37,189.43,2022,7,14,20,47,0,21.667,64,3.128,201
2022,7,14,22,0,0,22.112,70.027,1.3058,203.07,2022,7,14,21,47,0,22.778,60,2.68,193
2022,7,14,23,0,0,21.922,68.618,1.3691,208.45,2022,7,14,22,47,0,22.778,59,1.79,194
2022,7,15,0,0,0,21.189,72.083,1.4006,212.98,2022,7,14,23,47,0,22.778,58,0.895,217
2022,7,15,1,0,0,19.549,79.738,0.7483,231.19,2022,7,15,0,47,0,23.333,56,1.343,231
2022,7,15,2,0,0,19.191,82.694,0.44883,223.93,2022,7,15,1,47,0,21.667,60,0.895,265
2022,7,15,3,0,0,18.887,83.61,0.26962,92.07,2022,7,15,2,47,0,18.889,71,0,NaN
2022,7,15,4,0,0,18.364,85.003,0.35618,87.232,2022,7,15,3,47,0,18.333,72,0.448,39
2022,7,15,5,0,0,18.34,82.881,0.86404,107.73,2022,7,15,4,47,0,19.444,68,0.448,6
2022,7,15,6,0,0,19.206,76.008,1.0685,85.618,2022,7,15,5,47,0,19.444,67,0.448,74
2022,7,15,7,0,0,17.911,84.984,1.2281,93.708,2022,7,15,6,47,0,18.333,70,0.448,122
2022,7,15,8,0,0,17.924,89.301,1.4246,94.418,2022,7,15,7,47,0,18.889,66,0.895,137
2022,7,15,9,0,0,17.195,88.975,1.2483,100.29,2022,7,15,8,47,0,19.444,63,0.448,4
2022,7,15,10,0,0,16.841,91.049,1.3597,99.895,2022,7,15,9,47,0,19.444,59,0,NaN
2022,7,15,11,0,0,17.017,87.726,1.8764,98.357,2022,7,15,10,47,0,18.889,60,0.448,14
2022,7,15,12,0,0,16.921,86.226,1.7018,99.037,2022,7,15,11,47,0,20,53,0,NaN
2022,7,15,13,0,0,16.802,85.158,1.5967,99.861,2022,7,15,12,47,0,21.111,43,0.895,346
2022,7,15,14,0,0,18.681,77.202,0.92245,99.541,2022,7,15,13,47,0,21.667,44,0,NaN
2022,7,15,15,0,0,19.615,77.708,0.84748,136.97,2022,7,15,14,47,0,23.889,48,0,NaN
2022,7,15,16,0,0,20.55,76.434,1.0555,160.56,2022,7,15,15,47,0,24.444,47,0.448,159
2022,7,15,17,0,0,21.563,72.742,1.1567,169.19,2022,7,15,16,47,0,22.778,56,0.895,186
2022,7,15,18,0,0,22.476,69.024,1.3517,179.02,2022,7,15,17,47,0,22.222,63,1.343,167
2022,7,15,19,0,0,23.484,63.504,1.4159,187.19,2022,7,15,18,47,0,22.778,61,1.343,166
2022,7,15,20,0,0,24.019,61.868,1.5329,200.41,2022,7,15,19,47,0,23.333,59,1.79,180
2022,7,15,21,0,0,24.012,63.174,1.5686,207.23,2022,7,15,20,47,0,23.889,56,2.233,187
2022,7,15,22,0,0,24.433,60.851,1.59,213.89,2022,7,15,21,47,0,26.111,48,1.79,190
2022,7,15,23,0,0,24.302,59.811,1.5114,213.89,2022,7,15,22,47,0,26.667,47,1.343,210
2022,7,16,0,0,0,23.905,59.933,1.4359,216.44,2022,7,15,23,47,0,27.778,43,1.343,203
2022,7,16,1,0,0,22.873,63.679,1.0202,220.26,2022,7,16,0,47,0,26.667,46,0.895,226
2022,7,16,2,0,0,21.633,69.119,0.46539,231.23,2022,7,16,1,47,0,26.111,50,0.448,4
2022,7,16,3,0,0,20.877,71.536,0.11478,359.45,2022,7,16,2,47,0,26.667,46,0.895,182
2022,7,16,4,0,0,21.111,68.085,0.49061,104.43,2022,7,16,3,47,0,23.889,53,0.448,47
2022,7,16,5,0,0,20.935,67.137,0.49594,126.19,2022,7,16,4,47,0,26.111,42,0.895,154
2022,7,16,6,0,0,21.789,61.814,0.39174,69.977,2022,7,16,5,47,0,22.778,55,2.233,62
2022,7,16,7,0,0,22.43,59.053,0.35104,42.228,2022,7,16,6,47,0,22.778,56,0.448,28
2022,7,16,8,0,0,22.399,65.019,1.6269,90.322,2022,7,16,7,47,0,20.556,63,0.448,357
2022,7,16,9,0,0,21.475,67.661,1.9555,86.869,2022,7,16,8,47,0,22.222,59,2.233,75
2022,7,16,10,0,0,20.618,71.132,1.8469,89.088,2022,7,16,9,47,0,23.333,53,0.448,202
2022,7,16,11,0,0,21.106,69.874,1.4153,94.951,2022,7,16,10,47,0,23.889,43,0.895,5
2022,7,16,12,0,0,20.914,70.263,0.66226,86.632,2022,7,16,11,47,0,23.333,43,0.895,310
2022,7,16,13,0,0,21.009,67.459,0.46709,78.748,2022,7,16,12,47,0,20.556,57,0.895,1
2022,7,16,14,0,0,22.861,60.525,0.38986,90.63,2022,7,16,13,47,0,20.556,55,0.895,163
2022,7,16,15,0,0,22.721,64.4,0.58998,148.56,2022,7,16,14,47,0,23.889,47,0.895,83
2022,7,16,16,0,0,23.498,63.902,0.88265,169.56,2022,7,16,15,47,0,25.556,45,0.448,113
2022,7,16,17,0,0,24.688,58.563,1.2646,171.97,2022,7,16,16,47,0,26.111,51,0.448,181
2022,7,16,18,0,0,25.992,53.155,1.5072,177.28,2022,7,16,17,47,0,25,54,0.895,193
2022,7,16,19,0,0,27.055,49.089,1.6644,181.48,2022,7,16,18,47,0,26.667,51,1.79,182
2022,7,16,20,0,0,27.538,48.02,1.7984,179.62,2022,7,16,19,47,0,26.111,49,2.68,180
2022,7,16,21,0,0,27.898,46.183,1.7563,186.78,2022,7,16,20,47,0,26.667,46,2.68,190
2022,7,16,22,0,0,28.047,44.766,1.7044,198.98,2022,7,16,21,47,0,27.778,44,1.79,210
2022,7,16,23,0,0,27.894,46.991,1.7228,212.66,2022,7,16,22,47,0,26.667,48,1.343,208
2022,7,17,0,0,0,27.389,50.004,1.6749,225.84,2022,7,16,23,47,0,31.667,35,1.343,224
2022,7,17,1,0,0,26.737,49.911,1.4103,232.57,0,0,0,0,0,0,NaN,NaN,NaN,NaN
2022,7,17,2,0,0,25.077,53.847,0.98595,241.5,0,0,0,0,0,0,NaN,NaN,NaN,NaN
2022,7,17,3,0,0,22.618,62.764,0.18358,286.52,0,0,0,0,0,0,NaN,NaN,NaN,NaN
2022,7,17,4,0,0,22.454,63.219,0.38946,81.898,0,0,0,0,0,0,NaN,NaN,NaN,NaN
2022,7,17,5,0,0,22.771,61.198,0.51518,276.49,0,0,0,0,0,0,NaN,NaN,NaN,NaN
2022,7,17,6,0,0,22.254,64.34,0.55424,255.74,0,0,0,0,0,0,NaN,NaN,NaN,NaN
2022,7,17,7,0,0,21.402,68.341,0.61857,81.443,0,0,0,0,0,0,NaN,NaN,NaN,NaN
2022,7,17,8,0,0,20.961,68.337,1.3655,92.418,0,0,0,0,0,0,NaN,NaN,NaN,NaN
2022,7,17,9,0,0,20.002,69.52,1.9728,91.881,0,0,0,0,0,0,NaN,NaN,NaN,NaN
2022,7,17,10,0,0,19.592,70.717,2.0064,96.414,0,0,0,0,0,0,NaN,NaN,NaN,NaN
2022,7,17,11,0,0,19.247,74.719,1.8121,100.24,0,0,0,0,0,0,NaN,NaN,NaN,NaN
2022,7,17,12,0,0,20.719,68.481,1.4247,106.14,0,0,0,0,0,0,NaN,NaN,NaN,NaN
