model forecast and observations from station:mtic1
station latitude:34.4614
station longitude:-119.649
model latitude:34.4572
model longitude:-119.6543
model, , , , , , , , , ,obs, , , , , , , , ,
year,month,day,hour,min,sec,model temperature,model rel hum,model wind speed,model wind direction,year,month,day,hour,min,sec,obs temperature,obs rel hum,obs wind speed,obs wind direction
yyyy,mm,dd,hh,mm,ss,deg C,%,m/s,deg N,yyyy,mm,dd,hh,mm,ss,deg C,%,m/s,deg N
2022,11,2,0,0,0,15.75,78.592,2.5991,235.59,2022,11,2,0,0,0,NaN,NaN,NaN,NaN
2022,11,2,1,0,0,14.736,88.434,2.1651,237.72,2022,11,2,0,47,0,14.444,75,2.233,190
2022,11,2,2,0,0,13.666,91.824,1.1007,278.21,2022,11,2,1,47,0,13.333,86,0.895,111
2022,11,2,3,0,0,14.007,89.468,0.52426,139.74,2022,11,2,2,47,0,12.778,97,0,NaN
2022,11,2,4,0,0,13.806,89.715,1.7357,266.92,2022,11,2,3,47,0,12.778,98,0.895,178
2022,11,2,5,0,0,13.443,93.543,0.50117,51.896,2022,11,2,4,47,0,12.222,99,3.128,359
2022,11,2,6,0,0,13.486,81.52,1.7059,324.75,2022,11,2,5,47,0,12.778,81,3.128,340
2022,11,2,7,0,0,12.928,88.523,0.54286,327.19,2022,11,2,6,47,0,11.667,100,1.343,102
2022,11,2,8,0,0,12.709,84.656,1.7883,0.85334,2022,11,2,7,47,0,11.111,100,1.343,167
2022,11,2,9,0,0,13.429,63.794,6.1441,16.293,2022,11,2,8,47,0,11.667,84,6.261,352
2022,11,2,10,0,0,12.413,58.054,7.6337,19.771,2022,11,2,9,47,0,11.667,73,5.813,3
2022,11,2,11,0,0,12.274,53.154,7.6283,20.04,2022,11,2,10,47,0,11.111,72,11.621,353
2022,11,2,12,0,0,12.745,48.22,6.8804,22.393,2022,11,2,11,47,0,11.667,64,4.918,358
2022,11,2,13,0,0,12.476,48.028,4.643,4.0021,2022,11,2,12,47,0,11.667,61,13.412,351
2022,11,2,14,0,0,12.538,41.924,5.3523,347.73,2022,11,2,13,47,0,11.111,64,4.471,341
2022,11,2,15,0,0,13.017,37.916,7.5813,0.0051514,2022,11,2,14,47,0,10,62,6.261,4
2022,11,2,16,0,0,13.176,39.319,5.8966,0.58657,2022,11,2,15,47,0,10.556,56,4.471,2
2022,11,2,17,0,0,14.666,37.062,5.8146,345.45,2022,11,2,16,47,0,13.333,46,1.79,349
2022,11,2,18,0,0,16.114,31.829,6.8119,346.89,2022,11,2,17,47,0,13.333,44,4.471,345
2022,11,2,19,0,0,17.09,32.287,6.2382,347.29,2022,11,2,18,47,0,14.444,42,4.918,296
2022,11,2,20,0,0,17.586,31.634,4.2739,308.43,2022,11,2,19,47,0,17.222,28,3.575,283
2022,11,2,21,0,0,17.127,31.541,4.8037,301.56,2022,11,2,20,47,0,17.778,22,3.128,356
2022,11,2,22,0,0,16.287,38.48,4.7892,291.69,2022,11,2,21,47,0,17.778,24,2.233,316
2022,11,2,23,0,0,15.142,39.564,4.9036,296.86,2022,11,2,22,47,0,16.667,28,4.471,304
2022,11,3,0,0,0,13.451,43.54,4.5957,300.7,2022,11,2,23,47,0,15.556,40,8.046,271
2022,11,3,1,0,0,11.441,54.502,4.3526,310.94,2022,11,3,0,47,0,12.222,48,10.731,357
2022,11,3,2,0,0,10.405,60.25,5.8153,330.12,2022,11,3,1,47,0,11.111,56,11.174,352
2022,11,3,3,0,0,10.22,59.19,6.7442,336.58,2022,11,3,2,47,0,10,67,12.069,348
2022,11,3,4,0,0,9.6688,67.247,5.2609,329.6,2022,11,3,3,47,0,9.444,70,4.023,342
2022,11,3,5,0,0,9.3004,66.292,3.5915,318.1,2022,11,3,4,47,0,9.444,65,3.575,312
2022,11,3,6,0,0,8.6109,72.234,3.0605,306.03,2022,11,3,5,47,0,9.444,64,8.046,343
2022,11,3,7,0,0,8.8566,69.029,4.8202,329.57,2022,11,3,6,47,0,8.889,70,4.023,334
2022,11,3,8,0,0,8.3024,70.286,3.8701,329.55,2022,11,3,7,47,0,8.889,64,4.023,289
2022,11,3,9,0,0,8.4759,66.512,5.391,343.64,2022,11,3,8,47,0,8.333,61,8.941,347
2022,11,3,10,0,0,8.2229,60.644,4.6883,339.81,2022,11,3,9,47,0,7.778,63,7.598,347
2022,11,3,11,0,0,7.7575,56.751,4.3473,342.08,2022,11,3,10,47,0,7.778,62,4.918,329
2022,11,3,12,0,0,7.7242,54.904,4.3912,341.1,2022,11,3,11,47,0,7.778,55,6.703,326
2022,11,3,13,0,0,7.595,57.71,5.0385,339.51,2022,11,3,12,47,0,7.778,49,5.366,335
2022,11,3,14,0,0,7.4807,56.901,3.8669,332.59,2022,11,3,13,47,0,7.778,49,3.128,348
2022,11,3,15,0,0,7.8327,52.127,3.7502,329.23,2022,11,3,14,47,0,7.778,50,3.575,327
2022,11,3,16,0,0,9.9646,40.868,2.9718,298.77,2022,11,3,15,47,0,8.889,46,3.575,308
2022,11,3,17,0,0,11.689,37.368,3.3199,293.22,2022,11,3,16,47,0,10,40,7.151,3
2022,11,3,18,0,0,12.84,34.774,4.0846,327.82,2022,11,3,17,47,0,11.667,35,7.151,18
2022,11,3,19,0,0,13.515,31.939,4.6389,335.24,2022,11,3,18,47,0,11.667,33,6.703,4
2022,11,3,20,0,0,13.969,30.498,3.8866,338.92,2022,11,3,19,47,0,12.222,31,7.151,4
2022,11,3,21,0,0,14.24,29.214,3.9171,328.69,2022,11,3,20,47,0,14.444,28,3.575,3
2022,11,3,22,0,0,14.156,28.117,4.4283,348.69,2022,11,3,21,47,0,13.333,30,3.575,37
2022,11,3,23,0,0,13.556,31,4.3441,0.58698,2022,11,3,22,47,0,12.778,32,5.813,351
2022,11,4,0,0,0,12.04,34.067,6.6074,5.253,2022,11,3,23,47,0,12.222,34,5.813,344
2022,11,4,1,0,0,10.607,37.129,9.2118,16.833,2022,11,4,0,47,0,11.111,37,5.813,350
2022,11,4,2,0,0,10.058,38.325,9.85,16.455,2022,11,4,1,47,0,10,40,3.575,225
2022,11,4,3,0,0,10.1,34.468,9.9517,16.51,2022,11,4,2,47,0,10,40,8.046,12
2022,11,4,4,0,0,10.225,30.574,10.206,15.759,2022,11,4,3,47,0,10,37,5.366,352
2022,11,4,5,0,0,10.445,28.407,10.152,13.178,2022,11,4,4,47,0,10,39,25.033,15
2022,11,4,6,0,0,10.536,25.927,7.419,22.222,2022,11,4,5,47,0,10,36,11.621,354
2022,11,4,7,0,0,11.45,21.243,6.8757,18.542,2022,11,4,6,47,0,10.556,30,9.389,6
2022,11,4,8,0,0,11.628,21.518,6.8432,14.249,2022,11,4,7,47,0,11.667,24,7.598,4
2022,11,4,9,0,0,11.583,22.398,6.7173,15.018,2022,11,4,8,47,0,11.667,22,5.813,6
2022,11,4,10,0,0,11.936,20.341,6.6669,19.743,2022,11,4,9,47,0,12.778,19,1.79,357
2022,11,4,11,0,0,11.771,20.498,6.2982,19.201,2022,11,4,10,47,0,12.222,19,1.343,358
2022,11,4,12,0,0,11.862,20.376,5.49,18.227,2022,11,4,11,47,0,12.222,20,6.261,354
2022,11,4,13,0,0,11.857,20.156,4.4307,20.162,2022,11,4,12,47,0,12.222,22,4.471,357
2022,11,4,14,0,0,11.562,19.897,3.4437,16.156,2022,11,4,13,47,0,12.222,24,3.128,347
2022,11,4,15,0,0,12.616,17.909,3.3454,24.598,2022,11,4,14,47,0,12.778,24,4.471,350
2022,11,4,16,0,0,14.231,31.183,0.40679,204.9,2022,11,4,15,47,0,15.556,21,1.343,266
2022,11,4,17,0,0,13.865,49.037,1.2441,182.27,2022,11,4,16,47,0,14.444,44,1.343,180
2022,11,4,18,0,0,15.142,42.624,1.6781,203.46,2022,11,4,17,47,0,15.556,42,2.233,185
2022,11,4,19,0,0,15.677,40.917,2.1106,199.74,2022,11,4,18,47,0,16.667,37,2.68,187
2022,11,4,20,0,0,15.957,43.224,2.1651,195.87,2022,11,4,19,47,0,18.333,34,4.023,194
2022,11,4,21,0,0,16.158,41.758,2.1876,208.6,2022,11,4,20,47,0,17.222,31,2.68,210
2022,11,4,22,0,0,15.807,36.179,2.0844,214.43,2022,11,4,21,47,0,16.667,31,3.128,188
2022,11,4,23,0,0,15.458,27.931,1.787,226.1,2022,11,4,22,47,0,16.111,38,2.233,203
2022,11,5,0,0,0,15.16,26.387,2.1457,243.38,2022,11,4,23,47,0,15.556,41,1.343,247
2022,11,5,1,0,0,14.064,29.411,1.0582,307.76,0,0,0,0,0,0,NaN,NaN,NaN,NaN
2022,11,5,2,0,0,14.339,24.622,1.7434,350.81,0,0,0,0,0,0,NaN,NaN,NaN,NaN
2022,11,5,3,0,0,14.175,20.335,2.4532,353.63,0,0,0,0,0,0,NaN,NaN,NaN,NaN
2022,11,5,4,0,0,13.889,22.783,2.7749,4.4438,0,0,0,0,0,0,NaN,NaN,NaN,NaN
2022,11,5,5,0,0,14.087,26.91,1.1823,6.0611,0,0,0,0,0,0,NaN,NaN,NaN,NaN
2022,11,5,6,0,0,13.975,22.158,2.0724,25.871,0,0,0,0,0,0,NaN,NaN,NaN,NaN
2022,11,5,7,0,0,14.258,20.187,2.8,358.16,0,0,0,0,0,0,NaN,NaN,NaN,NaN
2022,11,5,8,0,0,13.134,32.952,0.4815,301.31,0,0,0,0,0,0,NaN,NaN,NaN,NaN
2022,11,5,9,0,0,12.773,33.884,0.31143,341.87,0,0,0,0,0,0,NaN,NaN,NaN,NaN
2022,11,5,10,0,0,12.982,29.066,0.36948,323.44,0,0,0,0,0,0,NaN,NaN,NaN,NaN
2022,11,5,11,0,0,12.483,32.429,0.36718,305.07,0,0,0,0,0,0,NaN,NaN,NaN,NaN
2022,11,5,12,0,0,11.926,38.052,0.584,278.45,0,0,0,0,0,0,NaN,NaN,NaN,NaN
