model forecast and observations from station:mtic1
station latitude:34.4614
station longitude:-119.649
model latitude:34.4572
model longitude:-119.6543
model, , , , , , , , , ,obs, , , , , , , , ,
year,month,day,hour,min,sec,model temperature,model rel hum,model wind speed,model wind direction,year,month,day,hour,min,sec,obs temperature,obs rel hum,obs wind speed,obs wind direction
yyyy,mm,dd,hh,mm,ss,deg C,%,m/s,deg N,yyyy,mm,dd,hh,mm,ss,deg C,%,m/s,deg N
2022,10,21,0,0,0,24.776,43.494,1.6287,236.82,2022,10,21,0,0,0,NaN,NaN,NaN,NaN
2022,10,21,1,0,0,23.121,51.688,1.3625,276.72,2022,10,21,0,47,0,25,33,1.343,217
2022,10,21,2,0,0,22.81,44.004,1.1983,297.1,2022,10,21,1,47,0,22.778,36,0.448,321
2022,10,21,3,0,0,24.012,34.911,2.2484,338.74,2022,10,21,2,47,0,23.333,33,0,NaN
2022,10,21,4,0,0,24.099,33.571,1.8941,323.75,2022,10,21,3,47,0,23.333,33,0.448,304
2022,10,21,5,0,0,23.391,38.044,2.3434,332.12,2022,10,21,4,47,0,23.333,30,0.448,176
2022,10,21,6,0,0,23.701,35.827,1.9265,319.96,2022,10,21,5,47,0,23.333,31,0.448,232
2022,10,21,7,0,0,23.652,34.555,1.9164,315.61,2022,10,21,6,47,0,23.333,30,0.448,185
2022,10,21,8,0,0,23.438,34.328,1.116,349.29,2022,10,21,7,47,0,23.889,28,0.895,330
2022,10,21,9,0,0,23.152,33.23,1.3763,11.448,2022,10,21,8,47,0,21.667,35,0.448,118
2022,10,21,10,0,0,20.239,43.171,1.976,89.71,2022,10,21,9,47,0,21.667,35,3.575,85
2022,10,21,11,0,0,18.85,53.003,2.2391,93.789,2022,10,21,10,47,0,21.667,33,2.233,61
2022,10,21,12,0,0,17.404,65.05,2.1357,95.16,2022,10,21,11,47,0,20.556,35,0.895,114
2022,10,21,13,0,0,17.878,63.058,1.4364,92.86,2022,10,21,12,47,0,20.556,36,2.233,88
2022,10,21,14,0,0,18.949,50.228,1.6093,80.424,2022,10,21,13,47,0,19.444,38,1.79,59
2022,10,21,15,0,0,20.768,45.109,1.078,81.535,2022,10,21,14,47,0,20.556,36,0.895,215
2022,10,21,16,0,0,21.778,49.593,1.0396,110.89,2022,10,21,15,47,0,20,48,1.343,95
2022,10,21,17,0,0,21.806,59.046,1.1453,135.59,2022,10,21,16,47,0,21.667,53,0.448,182
2022,10,21,18,0,0,22.064,62.792,1.2286,149.46,2022,10,21,17,47,0,20,69,1.343,171
2022,10,21,19,0,0,22.012,65.947,1.3249,163.48,2022,10,21,18,47,0,20.556,70,1.79,196
2022,10,21,20,0,0,21.825,69.368,1.3868,174.46,2022,10,21,19,47,0,20.556,70,2.233,202
2022,10,21,21,0,0,21.94,68.754,1.4005,179.02,2022,10,21,20,47,0,20.556,72,2.68,181
2022,10,21,22,0,0,21.843,67.747,1.2428,179.3,2022,10,21,21,47,0,21.667,67,2.68,204
2022,10,21,23,0,0,21.074,69.958,1.0604,185.02,2022,10,21,22,47,0,21.667,68,1.79,199
2022,10,22,0,0,0,19.896,73.707,0.69352,209.81,2022,10,21,23,47,0,21.111,71,1.79,191
2022,10,22,1,0,0,17.325,88.694,0.6338,257.51,2022,10,22,0,47,0,20.556,71,0,NaN
2022,10,22,2,0,0,16.858,85.986,0.47916,255.79,2022,10,22,1,47,0,18.333,75,0.448,288
2022,10,22,3,0,0,15.829,93.398,0.26018,94.964,2022,10,22,2,47,0,16.111,88,0.895,75
2022,10,22,4,0,0,16.021,89.218,0.54655,270.72,2022,10,22,3,47,0,13.889,97,0.448,20
2022,10,22,5,0,0,15.215,93.765,0.30912,274.03,2022,10,22,4,47,0,13.333,100,0.448,71
2022,10,22,6,0,0,14.752,96.06,0.79081,92.091,2022,10,22,5,47,0,15,100,0.895,95
2022,10,22,7,0,0,13.958,99.9,1.2896,92.171,2022,10,22,6,47,0,13.889,89,0.448,145
2022,10,22,8,0,0,13.297,99.9,1.7294,95.882,2022,10,22,7,47,0,12.778,100,1.79,8
2022,10,22,9,0,0,13.495,99.9,1.2793,96.624,2022,10,22,8,47,0,12.778,100,0.895,249
2022,10,22,10,0,0,14.01,98.87,1.5773,87.68,2022,10,22,9,47,0,12.778,100,1.79,113
2022,10,22,11,0,0,14.364,98.865,1.642,84.266,2022,10,22,10,47,0,12.778,100,1.79,71
2022,10,22,12,0,0,14.266,98.975,1.7646,79.446,2022,10,22,11,47,0,12.778,100,1.79,211
2022,10,22,13,0,0,14.221,98.8,1.4893,107.34,2022,10,22,12,47,0,12.778,100,2.233,115
2022,10,22,14,0,0,13.74,98.988,0.77916,113.36,2022,10,22,13,47,0,12.778,100,0.895,73
2022,10,22,15,0,0,13.712,98.654,1.0194,106.9,2022,10,22,14,47,0,13.333,100,0.448,182
2022,10,22,16,0,0,13.945,98.293,0.80636,129.45,2022,10,22,15,47,0,13.889,100,0.895,171
2022,10,22,17,0,0,14.108,97.738,0.82872,148.53,2022,10,22,16,47,0,14.444,100,0.895,100
2022,10,22,18,0,0,14.483,95.766,0.83031,150.75,2022,10,22,17,47,0,13.889,100,1.343,214
2022,10,22,19,0,0,16.159,81.498,1.0243,196.63,2022,10,22,18,47,0,15,100,2.233,191
2022,10,22,20,0,0,15.589,86.791,1.4642,202.3,2022,10,22,19,47,0,14.444,92,2.233,188
2022,10,22,21,0,0,15.436,87.8,1.676,210.67,2022,10,22,20,47,0,14.444,87,1.343,197
2022,10,22,22,0,0,15.82,85.273,2.0578,226.11,2022,10,22,21,47,0,14.444,88,3.128,223
2022,10,22,23,0,0,16.432,78.183,2.7211,252.92,2022,10,22,22,47,0,16.111,82,3.575,214
2022,10,23,0,0,0,15.903,77.559,1.5258,231.55,2022,10,22,23,47,0,15.556,79,3.575,226
2022,10,23,1,0,0,16.067,55.136,3.5456,321.39,2022,10,23,0,47,0,15.556,83,1.343,167
2022,10,23,2,0,0,15.861,45.221,6.4749,328.6,2022,10,23,1,47,0,13.889,95,1.79,152
2022,10,23,3,0,0,15.542,37.271,7.0748,334.87,2022,10,23,2,47,0,13.889,75,5.813,335
2022,10,23,4,0,0,15.231,38.301,6.272,340.28,2022,10,23,3,47,0,12.778,81,9.836,3
2022,10,23,5,0,0,14.639,46.647,4.1382,342.9,2022,10,23,4,47,0,12.222,80,12.516,1
2022,10,23,6,0,0,12.613,55.851,2.0977,349.64,2022,10,23,5,47,0,13.333,63,3.128,341
2022,10,23,7,0,0,12.594,56.903,2.0593,22.306,2022,10,23,6,47,0,13.889,58,11.621,357
2022,10,23,8,0,0,11.903,54.514,2.1823,15.725,2022,10,23,7,47,0,12.222,66,9.836,349
2022,10,23,9,0,0,14.303,43.923,8.5909,29.521,2022,10,23,8,47,0,11.667,76,2.68,199
2022,10,23,10,0,0,13.432,49.827,8.1756,21.359,2022,10,23,9,47,0,12.778,69,3.128,351
2022,10,23,11,0,0,13.391,38.84,7.7772,20.817,2022,10,23,10,47,0,11.667,82,2.233,193
2022,10,23,12,0,0,13.014,32.468,7.0393,30.347,2022,10,23,11,47,0,12.222,83,3.128,54
2022,10,23,13,0,0,12.181,28.834,7.0448,21.857,2022,10,23,12,47,0,14.444,44,8.941,33
2022,10,23,14,0,0,11.908,29.662,8.4416,25.664,2022,10,23,13,47,0,13.333,44,14.307,16
2022,10,23,15,0,0,12.33,29.674,7.1763,25.812,2022,10,23,14,47,0,13.333,41,14.307,15
2022,10,23,16,0,0,13.931,26.814,5.1536,22.939,2022,10,23,15,47,0,13.889,35,9.836,10
2022,10,23,17,0,0,15.746,24.953,1.8494,334.96,2022,10,23,16,47,0,15.556,31,8.941,17
2022,10,23,18,0,0,16.438,25.103,1.4585,254.77,2022,10,23,17,47,0,18.333,42,3.575,192
2022,10,23,19,0,0,17.134,27.006,3.0631,210.87,2022,10,23,18,47,0,18.889,40,3.128,182
2022,10,23,20,0,0,17.886,28.637,3.0417,184.2,2022,10,23,19,47,0,17.778,38,2.68,177
2022,10,23,21,0,0,19.12,23.587,1.6565,60.749,2022,10,23,20,47,0,20.556,31,3.575,208
2022,10,23,22,0,0,18.671,21.768,4.6067,14.372,2022,10,23,21,47,0,20,33,3.128,201
2022,10,23,23,0,0,17.953,23.904,5.0661,6.5835,2022,10,23,22,47,0,20,37,2.68,201
2022,10,24,0,0,0,16.797,25.713,5.1857,14.661,2022,10,23,23,47,0,18.889,39,2.68,189
2022,10,24,1,0,0,15.059,29.737,6.7064,18.853,0,0,0,0,0,0,NaN,NaN,NaN,NaN
2022,10,24,2,0,0,14.385,32.317,7.36,24.283,0,0,0,0,0,0,NaN,NaN,NaN,NaN
2022,10,24,3,0,0,14.091,32.124,7.1495,20.246,0,0,0,0,0,0,NaN,NaN,NaN,NaN
2022,10,24,4,0,0,13.978,33.253,8.431,17.524,0,0,0,0,0,0,NaN,NaN,NaN,NaN
2022,10,24,5,0,0,13.702,33.673,8.446,17.362,0,0,0,0,0,0,NaN,NaN,NaN,NaN
2022,10,24,6,0,0,13.643,33.009,7.8442,17.028,0,0,0,0,0,0,NaN,NaN,NaN,NaN
2022,10,24,7,0,0,13.637,33.903,8.5384,10.1,0,0,0,0,0,0,NaN,NaN,NaN,NaN
2022,10,24,8,0,0,13.599,33.649,7.8672,11.885,0,0,0,0,0,0,NaN,NaN,NaN,NaN
2022,10,24,9,0,0,13.687,32.876,7.7562,15.456,0,0,0,0,0,0,NaN,NaN,NaN,NaN
2022,10,24,10,0,0,13.481,32.386,7.4871,20.283,0,0,0,0,0,0,NaN,NaN,NaN,NaN
2022,10,24,11,0,0,13.651,29.267,7.178,10.325,0,0,0,0,0,0,NaN,NaN,NaN,NaN
2022,10,24,12,0,0,14.065,24.425,5.9872,14.289,0,0,0,0,0,0,NaN,NaN,NaN,NaN
